window,actual,predict,entropy,un_prob,overall
1,0,0,0.10250301,0.043064892,0.10250301
2,0,0,0.06285104,0.024050057,0.06285104
3,0,0,0.103017256,0.04249251,0.103017256
4,0,0,0.075043984,0.029184163,0.075043984
5,0,0,0.10746527,0.045390487,0.10746527
6,0,0,0.08190684,0.034054816,0.08190684
7,0,0,0.103243805,0.04462248,0.103243805
8,0,0,0.06885997,0.027573287,0.06885997
9,0,0,0.070682935,0.028816044,0.070682935
10,0,0,0.16710454,0.08031678,0.16710454
11,0,0,0.1949427,0.094842196,0.1949427
12,0,0,0.23895834,0.119680166,0.23895834
13,0,0,0.20914476,0.10221201,0.20914476
14,0,0,0.18114975,0.08081782,0.18114975
15,0,0,0.13301769,0.059024096,0.13301769
16,0,0,0.04725067,0.01706928,0.04725067
17,0,0,0.040021803,0.014048696,0.040021803
18,0,0,0.07078524,0.027529001,0.07078524
19,0,0,0.09946339,0.040852427,0.09946339
20,0,0,0.070686676,0.027581632,0.070686676
21,0,0,0.07840114,0.031906486,0.07840114
22,0,0,0.13276076,0.06146592,0.13276076
23,0,0,0.09954331,0.04221958,0.09954331
24,0,0,0.07112211,0.028758168,0.07112211
25,0,0,0.06720014,0.026045382,0.06720014
26,0,0,0.11427029,0.049996912,0.11427029
27,0,0,0.06060298,0.022767365,0.06060298
28,0,0,0.056501094,0.021412551,0.056501094
29,0,0,0.05584436,0.02087605,0.05584436
30,0,0,0.056884427,0.021311402,0.056884427
31,0,0,0.048788935,0.017789185,0.048788935
32,0,0,0.04991319,0.018242538,0.04991319
33,0,0,0.0408496,0.014352322,0.0408496
34,0,0,0.048290152,0.01759684,0.048290152
35,0,0,0.05969841,0.022540092,0.05969841
36,0,0,0.057026573,0.021542609,0.057026573
37,0,0,0.04767031,0.017161548,0.04767031
38,0,0,0.048057944,0.017690718,0.048057944
39,0,0,0.05981904,0.022720337,0.05981904
40,0,0,0.072161034,0.028635323,0.072161034
41,0,0,0.03950857,0.014021575,0.03950857
42,0,0,0.05558832,0.020423174,0.05558832
43,0,0,0.049875613,0.017871976,0.049875613
44,0,0,0.05428669,0.02061671,0.05428669
45,0,0,0.062507465,0.02414453,0.062507465
46,0,0,0.066890076,0.025981009,0.066890076
47,0,0,0.048268534,0.017772019,0.048268534
48,0,0,0.043071162,0.01557368,0.043071162
49,0,0,0.09147355,0.03910476,0.09147355
50,0,0,0.07814362,0.030998528,0.07814362
51,0,0,0.09866341,0.042240202,0.09866341
52,0,0,0.07839475,0.0317384,0.07839475
53,0,0,0.15318477,0.070165694,0.15318477
54,0,0,0.10011224,0.042062283,0.10011224
55,0,0,0.08463372,0.035514116,0.08463372
56,0,0,0.07727914,0.031625748,0.07727914
57,0,0,0.070535645,0.02674687,0.070535645
58,0,0,0.049582306,0.017899334,0.049582306
59,0,0,0.04484241,0.015699327,0.04484241
60,0,0,0.05199751,0.01898688,0.05199751
61,0,0,0.089940384,0.036126852,0.089940384
62,0,0,0.08072234,0.032932878,0.08072234
63,0,0,0.118101016,0.05035937,0.118101016
64,0,0,0.1376376,0.057096362,0.1376376
65,0,0,0.12532043,0.053239226,0.12532043
66,0,0,0.07366268,0.028479517,0.07366268
67,0,0,0.07776295,0.030011296,0.07776295
68,0,0,0.055371404,0.020091891,0.055371404
69,0,0,0.07739739,0.029430032,0.07739739
70,0,0,0.11921709,0.049124002,0.11921709
71,0,0,0.12682086,0.05527067,0.12682086
72,0,0,0.13868819,0.065451026,0.13868819
73,0,0,0.20604625,0.109485626,0.20604625
74,0,0,0.083224334,0.033279955,0.083224334
75,0,0,0.055539347,0.02080679,0.055539347
76,0,0,0.06650402,0.025376499,0.06650402
77,0,0,0.11091094,0.04716444,0.11091094
78,0,0,0.08568309,0.03298682,0.08568309
79,0,0,0.06875582,0.026303232,0.06875582
80,0,0,0.10220041,0.042925596,0.10220041
81,0,0,0.097774126,0.04040265,0.097774126
82,0,0,0.08182258,0.032764614,0.08182258
83,0,0,0.08576097,0.033946693,0.08576097
84,0,0,0.090521924,0.03669846,0.090521924
85,0,0,0.1125965,0.047656417,0.1125965
86,0,0,0.06358531,0.024610043,0.06358531
87,0,0,0.08637509,0.035338104,0.08637509
88,0,0,0.070205905,0.027273476,0.070205905
89,0,0,0.06899397,0.02696687,0.06899397
90,0,0,0.06314273,0.02493614,0.06314273
91,0,0,0.07514477,0.0306288,0.07514477
92,0,0,0.08656159,0.034668982,0.08656159
93,0,0,0.068493426,0.026587188,0.068493426
94,0,0,0.06718144,0.026785493,0.06718144
95,0,0,0.09394402,0.039599776,0.09394402
96,0,0,0.09492768,0.03843099,0.09492768
97,0,0,0.055000175,0.020543516,0.055000175
98,0,0,0.087941654,0.03602642,0.087941654
99,0,0,0.09424863,0.039975584,0.09424863
100,0,0,0.06409522,0.025296867,0.06409522
101,0,0,0.05151647,0.01960814,0.05151647
102,0,0,0.053963676,0.020492256,0.053963676
103,0,0,0.054523967,0.020579398,0.054523967
104,0,0,0.061458923,0.023948729,0.061458923
105,0,0,0.055411715,0.020137906,0.055411715
106,0,0,0.078077845,0.030168056,0.078077845
107,0,0,0.06641172,0.025849462,0.06641172
108,0,0,0.06371876,0.024448872,0.06371876
109,0,0,0.10562971,0.043496013,0.10562971
110,0,0,0.12872389,0.05562377,0.12872389
111,0,0,0.078127466,0.03140992,0.078127466
112,0,0,0.13689065,0.057407677,0.13689065
113,0,0,0.13361214,0.058973968,0.13361214
114,0,0,0.1286939,0.058642805,0.1286939
115,0,0,0.103151314,0.04290843,0.103151314
116,0,0,0.24163061,0.11471665,0.24163061
117,0,0,0.1413693,0.06082046,0.1413693
118,0,0,0.15761413,0.07231718,0.15761413
119,0,0,0.28781077,0.14480793,0.28781077
120,0,0,0.24387114,0.11808258,0.24387114
121,0,0,0.15665549,0.07182962,0.15665549
122,0,0,0.1913744,0.091974735,0.1913744
123,0,0,0.49059495,0.2887439,0.49059495
124,0,0,0.60846764,0.42905414,0.60846764
125,0,0,0.37761718,0.21220237,0.37761718
126,0,0,0.40865466,0.22346717,0.40865466
127,0,0,0.24217755,0.11286634,0.24217755
128,0,0,0.14138275,0.05981058,0.14138275
129,0,0,0.08528763,0.034465194,0.08528763
130,0,0,0.13468887,0.060924828,0.13468887
131,0,0,0.21785942,0.11682117,0.21785942
132,0,0,0.23473527,0.12532592,0.23473527
133,0,0,0.17612797,0.08888435,0.17612797
134,0,0,0.18826005,0.091406465,0.18826005
135,0,0,0.12405632,0.052939773,0.12405632
136,0,0,0.13287869,0.055082917,0.13287869
137,0,0,0.10274726,0.041374028,0.10274726
138,0,0,0.13092282,0.05897522,0.13092282
139,0,0,0.14630324,0.06906694,0.14630324
140,0,0,0.18640733,0.09227067,0.18640733
141,0,0,0.08235788,0.032800674,0.08235788
142,0,0,0.101109795,0.04384041,0.101109795
143,0,0,0.11489139,0.051169574,0.11489139
144,0,0,0.0966329,0.042784035,0.0966329
145,0,0,0.10088352,0.043147206,0.10088352
146,0,0,0.07215619,0.028052688,0.07215619
147,0,0,0.059054323,0.021932662,0.059054323
148,0,0,0.04510364,0.016096592,0.04510364
149,0,0,0.040938485,0.014492214,0.040938485
150,0,0,0.03932365,0.013696969,0.03932365
151,0,0,0.051498078,0.018733144,0.051498078
152,0,0,0.058023162,0.021865249,0.058023162
153,0,0,0.048223715,0.017799854,0.048223715
154,0,0,0.04742331,0.017405808,0.04742331
155,0,0,0.0640704,0.02465713,0.0640704
156,0,0,0.061785396,0.02262801,0.061785396
157,0,0,0.050044388,0.018110037,0.050044388
158,0,0,0.06500866,0.024647057,0.06500866
159,0,0,0.0556438,0.021255672,0.0556438
160,0,0,0.0387875,0.013326168,0.0387875
161,0,0,0.05378472,0.01938814,0.05378472
162,0,0,0.05401186,0.020092607,0.05401186
163,0,0,0.083048254,0.03345549,0.083048254
164,0,0,0.06364038,0.024201512,0.06364038
165,0,0,0.07215709,0.02841562,0.07215709
166,0,0,0.05384852,0.020206392,0.05384852
167,0,0,0.05678103,0.021501362,0.05678103
168,0,0,0.0526716,0.019592464,0.0526716
169,0,0,0.06449031,0.024548113,0.06449031
170,0,0,0.068000995,0.025553763,0.068000995
171,0,0,0.07345733,0.028639376,0.07345733
172,0,0,0.056174513,0.020940661,0.056174513
173,0,0,0.059173614,0.022345245,0.059173614
174,0,0,0.051420145,0.019027114,0.051420145
175,0,0,0.057850678,0.021790087,0.057850678
176,0,0,0.058315817,0.022406578,0.058315817
177,0,0,0.049156588,0.018055677,0.049156588
178,0,0,0.05561392,0.020930946,0.05561392
179,0,0,0.06242202,0.023970008,0.06242202
180,0,0,0.06091341,0.023543477,0.06091341
181,0,0,0.06317141,0.024900794,0.06317141
182,0,0,0.06434172,0.024519801,0.06434172
183,0,0,0.064560965,0.024899423,0.064560965
184,0,0,0.053031847,0.020098567,0.053031847
185,0,0,0.06061368,0.023468494,0.06061368
186,0,0,0.06723811,0.026374757,0.06723811
187,0,0,0.069962524,0.026571572,0.069962524
188,0,0,0.07004401,0.027063131,0.07004401
189,0,0,0.071412414,0.027756333,0.071412414
190,0,0,0.06812682,0.02723813,0.06812682
191,0,0,0.05518072,0.020701647,0.05518072
192,0,0,0.052084748,0.018987298,0.052084748
193,0,0,0.052293483,0.019331038,0.052293483
194,0,0,0.08750976,0.03504795,0.08750976
195,0,0,0.13094756,0.055680096,0.13094756
196,0,0,0.13477956,0.058802605,0.13477956
197,0,0,0.13308711,0.060795426,0.13308711
198,0,0,0.14202134,0.06446022,0.14202134
199,0,0,0.115871444,0.051273763,0.115871444
200,0,0,0.1877677,0.08703017,0.1877677
201,0,0,0.22711422,0.11641353,0.22711422
202,0,0,0.28318655,0.1406976,0.28318655
203,0,0,0.55865,0.34178966,0.55865
204,0,6,0.6782246,0.63679385,0.6782246
205,0,6,0.64583325,0.63033485,0.64583325
206,0,1,0.555555,0.37613302,0.555555
207,0,1,0.45134017,0.3150298,0.45134017
208,0,1,0.3962298,0.39871264,0.39871264
209,0,1,0.3860579,0.37801594,0.3860579
210,0,1,0.37115523,0.37976545,0.37976545
211,0,1,0.3756036,0.34942216,0.3756036
212,0,1,0.4297856,0.43219078,0.43219078
213,0,6,0.6951532,0.6048778,0.6951532
214,0,6,0.78630847,0.65732396,0.78630847
215,0,6,0.67392915,0.5867119,0.67392915
216,0,0,0.6636009,0.5277138,0.6636009
217,0,1,0.72106415,0.67196643,0.72106415
218,0,0,0.38319042,0.20454365,0.38319042
219,0,0,0.30610573,0.1510967,0.30610573
220,0,0,0.33885112,0.17332882,0.33885112
221,0,0,0.45821705,0.27676606,0.45821705
222,0,0,0.6551973,0.4903682,0.6551973
223,0,6,0.75595355,0.6663578,0.75595355
224,0,0,0.71056044,0.539894,0.71056044
225,0,0,0.3365739,0.17570323,0.3365739
226,0,0,0.47061867,0.26352483,0.47061867
227,0,0,0.33664265,0.17223972,0.33664265
228,0,0,0.3688694,0.19725615,0.3688694
229,0,0,0.4497257,0.27035332,0.4497257
230,0,0,0.66415673,0.5389596,0.66415673
231,0,0,0.6257594,0.42106605,0.6257594
232,0,0,0.5202417,0.3111068,0.5202417
233,0,0,0.39520508,0.22114861,0.39520508
234,0,0,0.15601997,0.072255135,0.15601997
235,0,0,0.118787095,0.051883996,0.118787095
236,0,0,0.10783271,0.043769777,0.10783271
237,0,0,0.078304544,0.030800164,0.078304544
238,0,0,0.08133071,0.030751288,0.08133071
239,0,0,0.095729485,0.038266182,0.095729485
240,0,0,0.06407592,0.022773743,0.06407592
241,0,0,0.055434138,0.019911468,0.055434138
242,0,0,0.05262072,0.019165695,0.05262072
243,0,0,0.0676552,0.02557689,0.0676552
244,0,0,0.07658816,0.029153168,0.07658816
245,0,0,0.06847693,0.026484013,0.06847693
246,0,0,0.05284539,0.019358337,0.05284539
247,0,0,0.0720527,0.027081966,0.0720527
248,0,0,0.07207159,0.027917862,0.07207159
249,0,0,0.08604671,0.034908712,0.08604671
250,0,0,0.07606661,0.03097266,0.07606661
251,0,0,0.07661512,0.031122088,0.07661512
252,0,0,0.0625888,0.0240587,0.0625888
253,0,0,0.0796529,0.031234205,0.0796529
254,0,0,0.07973262,0.03049153,0.07973262
255,0,0,0.07144634,0.027839899,0.07144634
256,0,0,0.09131672,0.03702581,0.09131672
257,0,0,0.08411369,0.03322488,0.08411369
258,0,0,0.076962784,0.030375123,0.076962784
259,0,0,0.079179205,0.03146738,0.079179205
260,0,0,0.057593487,0.021537125,0.057593487
261,0,0,0.05864849,0.021410048,0.05864849
262,0,0,0.055313934,0.020620942,0.055313934
263,0,0,0.07104482,0.027982295,0.07104482
264,0,0,0.06178997,0.023255587,0.06178997
265,0,0,0.08996512,0.034662187,0.08996512
266,0,0,0.123773135,0.05434251,0.123773135
267,0,0,0.1459382,0.06389797,0.1459382
268,0,0,0.14362392,0.06195587,0.14362392
269,0,0,0.19611791,0.09297502,0.19611791
270,0,0,0.15655057,0.07025337,0.15655057
271,0,0,0.08800075,0.03589505,0.08800075
272,0,0,0.056348093,0.020623326,0.056348093
273,0,0,0.032954346,0.01120621,0.032954346
274,0,0,0.04730185,0.017209768,0.04730185
275,0,0,0.044700246,0.016146421,0.044700246
276,0,0,0.045601707,0.016317427,0.045601707
277,0,0,0.044566393,0.015714586,0.044566393
278,0,0,0.04024088,0.014389694,0.04024088
279,0,0,0.0478354,0.017429292,0.0478354
280,0,0,0.05162196,0.019414127,0.05162196
281,0,0,0.034608,0.012074232,0.034608
282,0,0,0.08057509,0.029892147,0.08057509
283,0,0,0.10474666,0.0449785,0.10474666
284,0,0,0.09058766,0.037529588,0.09058766
285,0,0,0.19682746,0.09079075,0.19682746
286,0,0,0.38243154,0.21207583,0.38243154
287,0,0,0.46372363,0.2685352,0.46372363
288,0,0,0.5869166,0.39983022,0.5869166
289,0,0,0.51425177,0.34588742,0.51425177
290,0,6,0.55744946,0.38657784,0.55744946
291,1,3,0.7615308,0.56180894,0.7615308
292,1,3,0.8580253,0.596984,0.8580253
293,1,6,0.65989774,0.48458374,0.65989774
294,1,5,0.8050043,0.62867814,0.8050043
295,1,6,0.7347695,0.55362934,0.7347695
296,1,5,0.6034897,0.38981062,0.6034897
297,1,5,0.6016227,0.41508728,0.6016227
298,1,5,0.6066733,0.51565486,0.6066733
299,1,6,0.7601217,0.6622212,0.7601217
300,1,2,0.73883563,0.60719264,0.73883563
301,1,2,0.54918414,0.49281192,0.54918414
302,1,2,0.6536546,0.509639,0.6536546
303,1,2,0.54550636,0.47242814,0.54550636
304,1,3,0.61957264,0.5356804,0.61957264
305,1,3,0.3714909,0.1935376,0.3714909
306,1,3,0.40162805,0.22036839,0.40162805
307,1,3,0.37183556,0.20885456,0.37183556
308,1,5,0.6348431,0.6031072,0.6348431
309,1,5,0.67792577,0.7186218,0.7186218
310,1,5,0.5938603,0.4528463,0.5938603
311,1,5,0.56124,0.4498722,0.56124
312,1,5,0.5352881,0.35829782,0.5352881
313,1,5,0.64248455,0.5065236,0.64248455
314,1,5,0.37865123,0.21444976,0.37865123
315,1,5,0.48269796,0.29196078,0.48269796
316,1,5,0.6475868,0.6057045,0.6475868
317,1,5,0.6568039,0.64359903,0.6568039
318,1,5,0.5683216,0.4194206,0.5683216
319,1,5,0.5980884,0.4654826,0.5980884
320,1,5,0.5228756,0.36472166,0.5228756
321,1,5,0.59012437,0.47258312,0.59012437
322,1,5,0.55662096,0.36063778,0.55662096
323,1,5,0.6668067,0.53453565,0.6668067
324,1,5,0.68070024,0.6032638,0.68070024
325,1,2,0.82072484,0.69330335,0.82072484
326,1,2,0.85556096,0.7492624,0.85556096
327,1,2,0.68701714,0.5322391,0.68701714
328,1,2,0.8659777,0.7135098,0.8659777
329,1,2,0.83142126,0.61988014,0.83142126
330,1,6,0.754789,0.63053846,0.754789
331,1,3,0.77413917,0.6102779,0.77413917
332,1,3,0.45215017,0.25797504,0.45215017
333,1,3,0.38376078,0.20080483,0.38376078
334,1,3,0.48753893,0.2918477,0.48753893
335,1,1,0.5948811,0.43712646,0.5948811
336,1,1,0.71120775,0.6353668,0.71120775
337,1,5,0.7699987,0.67610025,0.7699987
338,1,6,0.7290764,0.713103,0.7290764
339,1,6,0.6097264,0.51228046,0.6097264
340,1,6,0.63437057,0.5070684,0.63437057
341,1,6,0.7561662,0.6396392,0.7561662
342,1,3,0.6778712,0.5315599,0.6778712
343,1,3,0.6909787,0.5153868,0.6909787
344,1,3,0.36208957,0.18954033,0.36208957
345,1,1,0.5140358,0.34814233,0.5140358
346,1,1,0.122595996,0.045571566,0.122595996
347,1,1,0.049998704,0.01567483,0.049998704
348,1,1,0.2552227,0.13463736,0.2552227
349,1,1,0.5257733,0.40346122,0.5257733
350,1,6,0.560271,0.4459237,0.560271
351,1,1,0.68497545,0.63732165,0.68497545
352,1,6,0.6229957,0.5791395,0.6229957
353,1,1,0.4115633,0.38170344,0.4115633
354,1,6,0.5122661,0.5026742,0.5122661
355,1,6,0.509954,0.45654124,0.509954
356,1,6,0.41901806,0.34833694,0.41901806
357,1,6,0.5313642,0.47196734,0.5313642
358,1,6,0.5813764,0.58527446,0.58527446
359,1,1,0.5198976,0.41810507,0.5198976
360,1,1,0.7412143,0.5775312,0.7412143
361,1,1,0.29096693,0.14366114,0.29096693
362,1,1,0.6001392,0.40955782,0.6001392
363,1,1,0.19998951,0.08591157,0.19998951
364,1,1,0.13479525,0.053618312,0.13479525
365,1,1,0.4028622,0.20626861,0.4028622
366,1,1,0.62047994,0.4097196,0.62047994
367,1,1,0.6456114,0.4260983,0.6456114
368,1,1,0.50584626,0.32439113,0.50584626
369,1,6,0.5750175,0.5285944,0.5750175
370,1,1,0.39232448,0.21644288,0.39232448
371,1,1,0.7281915,0.63146245,0.7281915
372,1,1,0.48232117,0.32448125,0.48232117
373,1,1,0.3581859,0.17892814,0.3581859
374,1,1,0.4286877,0.23058027,0.4286877
375,1,1,0.7537788,0.5083016,0.7537788
376,1,1,0.79942036,0.5699735,0.79942036
377,1,1,0.4851454,0.2669664,0.4851454
378,1,1,0.52457654,0.3022052,0.52457654
379,1,1,0.54049766,0.33995175,0.54049766
380,1,1,0.48890048,0.25763065,0.48890048
381,1,1,0.18050946,0.07030821,0.18050946
382,1,1,0.26770073,0.1195972,0.26770073
383,1,1,0.79071957,0.56358576,0.79071957
384,1,1,0.7808472,0.5992842,0.7808472
385,1,1,0.7269405,0.64707446,0.7269405
386,1,1,0.7759553,0.66149926,0.7759553
387,1,2,0.7933406,0.69434255,0.7933406
388,1,2,0.8047933,0.6653626,0.8047933
389,1,1,0.53923523,0.3365087,0.53923523
390,1,1,0.65736866,0.53389037,0.65736866
391,1,6,0.83660084,0.6924647,0.83660084
392,1,6,0.77844596,0.57262933,0.77844596
393,1,6,0.7960036,0.6726223,0.7960036
394,1,6,0.9432382,0.7588421,0.9432382
395,1,1,0.77986354,0.64580154,0.77986354
396,1,6,0.8620092,0.7400627,0.8620092
397,1,6,0.68025774,0.5429004,0.68025774
398,1,1,0.61257803,0.47404796,0.61257803
399,1,1,0.5757082,0.44723475,0.5757082
400,1,1,0.53801656,0.41955596,0.53801656
401,1,1,0.590952,0.4532768,0.590952
402,1,1,0.85330397,0.5995917,0.85330397
403,1,2,0.84237343,0.718549,0.84237343
404,1,2,0.8876919,0.68735707,0.8876919
405,1,3,0.9141832,0.7051814,0.9141832
406,1,3,0.7214159,0.47618014,0.7214159
407,1,6,0.8885033,0.7360476,0.8885033
408,1,3,0.86284524,0.7323437,0.86284524
409,1,3,0.90382093,0.74596626,0.90382093
410,1,2,0.9466654,0.78126866,0.9466654
411,1,1,0.8095382,0.669485,0.8095382
412,1,1,0.848447,0.7048589,0.848447
413,1,1,0.5826828,0.5155232,0.5826828
414,1,1,0.47179142,0.343915,0.47179142
415,1,1,0.54655683,0.3348046,0.54655683
416,1,1,0.66805214,0.50609785,0.66805214
417,1,2,0.71647197,0.5511954,0.71647197
418,1,2,0.7059797,0.6681996,0.7059797
419,1,1,0.67028403,0.513585,0.67028403
420,1,1,0.46157786,0.26567084,0.46157786
421,1,1,0.6127927,0.34907502,0.6127927
422,1,1,0.35930747,0.17296416,0.35930747
423,1,2,0.86464125,0.72555864,0.86464125
424,1,3,0.74641985,0.54115236,0.74641985
425,1,3,0.6960621,0.5909449,0.6960621
426,1,1,0.76010126,0.63620555,0.76010126
427,1,1,0.4617117,0.27085006,0.4617117
428,1,1,0.47350675,0.30779713,0.47350675
429,1,1,0.8397176,0.6976458,0.8397176
430,1,3,0.8730012,0.642372,0.8730012
431,1,3,0.8366733,0.716056,0.8366733
432,1,4,0.8811138,0.72262216,0.8811138
433,1,4,0.909921,0.74397093,0.909921
434,1,4,0.93658435,0.7207767,0.93658435
435,1,5,0.9467685,0.76772493,0.9467685
436,1,4,0.96963406,0.7923113,0.96963406
437,1,0,0.90844077,0.7669742,0.90844077
438,1,0,0.9344684,0.75777656,0.9344684
439,1,3,0.86774063,0.67902774,0.86774063
440,1,6,0.9090138,0.7387668,0.9090138
441,1,1,0.8672868,0.66680145,0.8672868
442,1,1,0.7068833,0.5036051,0.7068833
443,1,1,0.6189909,0.45551974,0.6189909
444,1,1,0.8095666,0.60890543,0.8095666
445,1,1,0.7372446,0.5026901,0.7372446
446,1,1,0.85195,0.646623,0.85195
447,1,1,0.7964818,0.6672387,0.7964818
448,1,6,0.9464768,0.7291024,0.9464768
449,1,4,0.90849847,0.70778763,0.90849847
450,1,4,0.87442756,0.7051039,0.87442756
451,1,4,0.9198617,0.704932,0.9198617
452,1,4,0.8969607,0.7310095,0.8969607
453,1,6,0.93490654,0.72203004,0.93490654
454,1,6,0.86652875,0.6875098,0.86652875
455,1,6,0.83471674,0.672868,0.83471674
456,1,1,0.8145281,0.631492,0.8145281
457,1,1,0.7840612,0.5420251,0.7840612
458,1,1,0.7751958,0.6810025,0.7751958
459,1,1,0.6413343,0.55691135,0.6413343
460,1,1,0.6458978,0.605379,0.6458978
461,1,3,0.5033759,0.30240417,0.5033759
462,1,3,0.6537573,0.6269084,0.6537573
463,1,1,0.5115565,0.3154676,0.5115565
464,1,1,0.39157304,0.26303345,0.39157304
465,1,1,0.7428479,0.6070051,0.7428479
466,1,1,0.43592814,0.22336894,0.43592814
467,1,1,0.8160198,0.6332628,0.8160198
468,1,1,0.8438183,0.7112498,0.8438183
469,1,3,0.76631516,0.5375696,0.76631516
470,1,3,0.8551591,0.6823953,0.8551591
471,1,5,0.92861164,0.693746,0.92861164
472,1,6,0.7938684,0.61656386,0.7938684
473,1,1,0.9476523,0.75674826,0.9476523
474,1,1,0.9227946,0.7282518,0.9227946
475,1,5,0.9674851,0.80713844,0.9674851
476,1,1,0.91507477,0.7170637,0.91507477
477,1,4,0.94969213,0.7763877,0.94969213
478,1,6,0.88937044,0.71829736,0.88937044
479,1,6,0.800202,0.5903481,0.800202
480,1,1,0.8413549,0.62890524,0.8413549
481,1,1,0.90474284,0.7014756,0.90474284
482,1,1,0.84007895,0.6763691,0.84007895
483,1,3,0.7951634,0.63607764,0.7951634
484,1,2,0.8181985,0.6314523,0.8181985
485,1,2,0.7753111,0.64611113,0.7753111
486,1,2,0.8092599,0.6626464,0.8092599
487,1,2,0.82524866,0.6746781,0.82524866
488,1,1,0.8851658,0.72274494,0.8851658
489,1,1,0.8990854,0.64915407,0.8990854
490,1,1,0.5785613,0.390302,0.5785613
491,1,1,0.65679795,0.5777149,0.65679795
492,1,1,0.4750592,0.27023202,0.4750592
493,1,1,0.5697508,0.3736921,0.5697508
494,1,1,0.7379762,0.50169617,0.7379762
495,1,1,0.57806754,0.32881606,0.57806754
496,1,1,0.64144385,0.37270302,0.64144385
497,1,1,0.90048295,0.7153425,0.90048295
498,1,1,0.9230479,0.7759167,0.9230479
499,1,6,0.8818021,0.6991625,0.8818021
500,1,6,0.89932984,0.69794506,0.89932984
501,1,0,0.94420576,0.7849543,0.94420576
502,1,3,0.917324,0.7845623,0.917324
503,1,1,0.5886463,0.35867053,0.5886463
504,1,1,0.4809582,0.26904893,0.4809582
505,1,1,0.21069887,0.09325844,0.21069887
506,1,1,0.4442069,0.2889372,0.4442069
507,1,1,0.57263696,0.45713127,0.57263696
508,1,3,0.6984421,0.51153815,0.6984421
509,1,3,0.9011091,0.74904,0.9011091
510,1,2,0.80143565,0.67141277,0.80143565
511,1,1,0.8596816,0.7017908,0.8596816
512,1,6,0.826259,0.63690555,0.826259
513,1,1,0.40272593,0.29928923,0.40272593
514,1,1,0.41869026,0.30941373,0.41869026
515,1,1,0.6038351,0.48383856,0.6038351
516,1,3,0.4633139,0.37175578,0.4633139
517,1,3,0.056935683,0.020388782,0.056935683
518,1,3,0.008612704,0.0021768808,0.008612704
519,1,3,0.009205369,0.0023678541,0.009205369
520,1,3,0.044527173,0.01764363,0.044527173
521,1,3,0.036853116,0.013407171,0.036853116
522,1,3,0.14198492,0.07250655,0.14198492
523,1,3,0.47289643,0.4992712,0.4992712
524,1,2,0.40658483,0.317365,0.40658483
525,1,2,0.35593587,0.23698688,0.35593587
526,1,2,0.4546063,0.44061476,0.4546063
527,1,4,0.41487283,0.42824787,0.42824787
528,1,2,0.4067126,0.45553446,0.45553446
529,1,2,0.41863963,0.35926205,0.41863963
530,1,2,0.5588504,0.592258,0.592258
531,1,2,0.75415486,0.6232594,0.75415486
532,1,1,0.5028865,0.36163414,0.5028865
533,1,1,0.32791162,0.25232238,0.32791162
534,1,1,0.38090688,0.29792428,0.38090688
535,1,1,0.24634026,0.15027386,0.24634026
536,1,1,0.28726745,0.20202893,0.28726745
537,1,1,0.2741029,0.21715933,0.2741029
538,1,1,0.27561778,0.22886759,0.27561778
539,1,6,0.37819073,0.4547342,0.4547342
540,1,6,0.33970863,0.2918749,0.33970863
541,1,6,0.38097546,0.3440963,0.38097546
542,1,6,0.20983306,0.13420242,0.20983306
543,1,6,0.26786166,0.2288661,0.26786166
544,1,6,0.25838125,0.21542954,0.25838125
545,1,6,0.3322007,0.4217437,0.4217437
546,1,6,0.2700453,0.2394048,0.2700453
547,1,6,0.33627382,0.43725246,0.43725246
548,1,1,0.3397037,0.45452034,0.45452034
549,1,1,0.343542,0.48251528,0.48251528
550,1,1,0.34820393,0.4877292,0.4877292
551,1,6,0.35535568,0.43053234,0.43053234
552,1,1,0.3169857,0.30144972,0.3169857
553,1,6,0.355675,0.46167082,0.46167082
554,1,6,0.35009763,0.32982695,0.35009763
555,1,6,0.3319256,0.3112437,0.3319256
556,1,6,0.36290562,0.41664892,0.41664892
557,1,6,0.35418636,0.5006689,0.5006689
558,1,6,0.18121602,0.11946285,0.18121602
559,2,3,0.42722425,0.2272408,0.42722425
560,2,3,0.38517693,0.2043029,0.38517693
561,2,3,0.7086565,0.5610058,0.7086565
562,2,3,0.76771086,0.619044,0.76771086
563,2,6,0.8510985,0.61571497,0.8510985
564,2,6,0.7350484,0.5925938,0.7350484
565,2,6,0.78276473,0.6367817,0.78276473
566,2,3,0.82240987,0.7095547,0.82240987
567,2,3,0.88058853,0.7474092,0.88058853
568,2,2,0.8463802,0.7021105,0.8463802
569,2,2,0.81906515,0.7433624,0.81906515
570,2,3,0.70864487,0.6504425,0.70864487
571,2,3,0.7106476,0.6730441,0.7106476
572,2,5,0.5530852,0.3944639,0.5530852
573,2,5,0.52445936,0.39778453,0.52445936
574,2,5,0.47872177,0.35681516,0.47872177
575,2,5,0.6345197,0.5404129,0.6345197
576,2,5,0.6291147,0.52233267,0.6291147
577,2,2,0.59101516,0.48321533,0.59101516
578,2,2,0.6791169,0.50929785,0.6791169
579,2,2,0.6155666,0.42136502,0.6155666
580,2,2,0.5746458,0.42290103,0.5746458
581,2,2,0.46599093,0.2841438,0.46599093
582,2,5,0.60479,0.5277846,0.60479
583,2,2,0.6621656,0.6051415,0.6621656
584,2,3,0.6279326,0.565334,0.6279326
585,2,5,0.61948687,0.5098152,0.61948687
586,2,5,0.59811014,0.5221963,0.59811014
587,2,5,0.5879918,0.529971,0.5879918
588,2,5,0.5822742,0.40928894,0.5822742
589,2,6,0.6825706,0.49606615,0.6825706
590,2,6,0.7113976,0.5298816,0.7113976
591,2,6,0.35942048,0.20251936,0.35942048
592,2,5,0.6067157,0.44400907,0.6067157
593,2,5,0.6810953,0.5879084,0.6810953
594,2,5,0.69915867,0.6643802,0.69915867
595,2,5,0.6428803,0.48042792,0.6428803
596,2,5,0.5264412,0.3773539,0.5264412
597,2,5,0.43685365,0.29041255,0.43685365
598,2,5,0.6922386,0.60494643,0.6922386
599,2,5,0.5434714,0.35221368,0.5434714
600,2,5,0.51403433,0.34075153,0.51403433
601,2,4,0.684651,0.6552191,0.684651
602,2,2,0.59331733,0.57120144,0.59331733
603,2,2,0.63336986,0.4747905,0.63336986
604,2,2,0.6275515,0.62359536,0.6275515
605,2,3,0.647167,0.54763234,0.647167
606,2,2,0.5369869,0.54520273,0.54520273
607,2,2,0.45030755,0.3595187,0.45030755
608,2,2,0.47205845,0.45740247,0.47205845
609,2,2,0.2749185,0.14674664,0.2749185
610,2,3,0.4225414,0.3180564,0.4225414
611,2,3,0.29167154,0.18928379,0.29167154
612,2,3,0.6103212,0.4549163,0.6103212
613,2,3,0.48612988,0.3377869,0.48612988
614,2,3,0.49914715,0.3411281,0.49914715
615,2,2,0.43613845,0.3221317,0.43613845
616,2,2,0.219653,0.115796626,0.219653
617,2,2,0.36138883,0.33031964,0.36138883
618,2,4,0.3097757,0.34159666,0.34159666
619,2,4,0.2653203,0.23859286,0.2653203
620,2,4,0.3023451,0.31532216,0.31532216
621,2,4,0.2833382,0.2631629,0.2833382
622,2,4,0.3669555,0.36055088,0.3669555
623,2,2,0.47977006,0.51465297,0.51465297
624,2,2,0.43744954,0.37263346,0.43744954
625,2,2,0.5276951,0.44137543,0.5276951
626,2,6,0.5573787,0.4508567,0.5573787
627,2,3,0.36388507,0.20565152,0.36388507
628,2,3,0.41624612,0.25804067,0.41624612
629,2,3,0.25842708,0.1697613,0.25842708
630,2,3,0.42220464,0.25520897,0.42220464
631,2,3,0.25745597,0.16703647,0.25745597
632,2,3,0.33313313,0.23227984,0.33313313
633,2,3,0.40166062,0.40563226,0.40563226
634,2,3,0.2096349,0.105947435,0.2096349
635,2,3,0.5360146,0.3790418,0.5360146
636,2,3,0.4291305,0.29578513,0.4291305
637,2,3,0.063215286,0.02240622,0.063215286
638,2,3,0.03428029,0.010466933,0.03428029
639,2,3,0.1837723,0.0843972,0.1837723
640,2,6,0.39227527,0.32441336,0.39227527
641,2,6,0.4523238,0.37922317,0.4523238
642,2,6,0.3483251,0.21764266,0.3483251
643,2,6,0.3851704,0.2499314,0.3851704
644,2,6,0.5728858,0.5570402,0.5728858
645,2,6,0.40865853,0.27985275,0.40865853
646,2,3,0.4669793,0.3551227,0.4669793
647,2,3,0.3940628,0.2523347,0.3940628
648,2,6,0.62970924,0.52803373,0.62970924
649,2,6,0.37478775,0.19848889,0.37478775
650,2,6,0.54144275,0.5085206,0.54144275
651,2,3,0.20879307,0.1129781,0.20879307
652,2,6,0.33512345,0.20084202,0.33512345
653,2,6,0.24981819,0.13510054,0.24981819
654,2,6,0.1991026,0.10085261,0.1991026
655,2,6,0.30562562,0.18789846,0.30562562
656,2,6,0.18503137,0.0888046,0.18503137
657,2,6,0.5130164,0.5425482,0.5425482
658,2,3,0.47161093,0.31389827,0.47161093
659,2,6,0.6283776,0.5372374,0.6283776
660,2,2,0.57269204,0.40954763,0.57269204
661,2,6,0.48430234,0.32612884,0.48430234
662,2,6,0.2831534,0.14573246,0.2831534
663,2,3,0.3016735,0.2644236,0.3016735
664,2,3,0.18283924,0.117304265,0.18283924
665,2,3,0.1355512,0.07434845,0.1355512
666,2,3,0.18255301,0.113474846,0.18255301
667,2,3,0.17523664,0.093649745,0.17523664
668,2,3,0.5498383,0.45929962,0.5498383
669,2,6,0.5023672,0.3827647,0.5023672
670,2,6,0.34224164,0.19427264,0.34224164
671,2,6,0.28710708,0.14082593,0.28710708
672,2,6,0.14548717,0.06978458,0.14548717
673,2,6,0.21957254,0.120731175,0.21957254
674,2,6,0.26698577,0.14137566,0.26698577
675,2,3,0.35234538,0.25359946,0.35234538
676,2,3,0.485796,0.4615435,0.485796
677,2,3,0.22933766,0.112950146,0.22933766
678,2,3,0.29233357,0.16156477,0.29233357
679,2,3,0.09086258,0.03777635,0.09086258
680,2,3,0.340512,0.19871879,0.340512
681,2,3,0.21637678,0.104965806,0.21637678
682,2,3,0.32689258,0.18109864,0.32689258
683,2,3,0.6125411,0.5176004,0.6125411
684,2,3,0.44630095,0.3384233,0.44630095
685,2,3,0.51422274,0.52316856,0.52316856
686,2,3,0.38991642,0.41012114,0.41012114
687,2,3,0.043359235,0.0144844055,0.043359235
688,2,3,0.08046157,0.032764375,0.08046157
689,2,3,0.017879931,0.0051443577,0.017879931
690,2,3,0.04940224,0.016629934,0.04940224
691,2,3,0.14111067,0.061341524,0.14111067
692,2,6,0.4934392,0.3925165,0.4934392
693,2,3,0.47373393,0.36067194,0.47373393
694,2,3,0.4758779,0.3401056,0.4758779
695,2,3,0.3742507,0.227319,0.3742507
696,2,3,0.55054367,0.4452802,0.55054367
697,2,6,0.5870359,0.5380715,0.5870359
698,2,6,0.1679772,0.07152432,0.1679772
699,2,6,0.09382541,0.034389377,0.09382541
700,2,6,0.18769147,0.10142553,0.18769147
701,2,6,0.10335429,0.045048,0.10335429
702,2,6,0.1482164,0.06550765,0.1482164
703,2,6,0.27759856,0.1466245,0.27759856
704,2,6,0.3869975,0.27527928,0.3869975
705,2,6,0.3995962,0.26130098,0.3995962
706,2,6,0.31059968,0.1888668,0.31059968
707,2,3,0.3498633,0.29561347,0.3498633
708,2,6,0.28269035,0.154877,0.28269035
709,2,6,0.2670256,0.13620579,0.2670256
710,2,6,0.39856812,0.29417956,0.39856812
711,2,6,0.4597714,0.517951,0.517951
712,2,3,0.45441368,0.51156205,0.51156205
713,2,3,0.14346564,0.062491655,0.14346564
714,2,3,0.18470496,0.10774022,0.18470496
715,2,3,0.1115822,0.04967618,0.1115822
716,2,3,0.1701005,0.092161715,0.1701005
717,2,3,0.45680737,0.39863276,0.45680737
718,2,3,0.1651457,0.07909322,0.1651457
719,2,3,0.07755976,0.028843045,0.07755976
720,2,3,0.18689421,0.08862454,0.18689421
721,2,3,0.17397083,0.09155625,0.17397083
722,2,3,0.0908205,0.036599457,0.0908205
723,2,6,0.3778824,0.23659658,0.3778824
724,2,6,0.39397115,0.23844957,0.39397115
725,2,3,0.5458872,0.40638775,0.5458872
726,2,3,0.54533213,0.42791414,0.54533213
727,2,3,0.47117746,0.36559534,0.47117746
728,2,3,0.27992088,0.16727102,0.27992088
729,2,6,0.45263946,0.4397444,0.45263946
730,2,6,0.18114969,0.0833537,0.18114969
731,2,6,0.3228725,0.17633176,0.3228725
732,2,3,0.5512996,0.4079988,0.5512996
733,2,3,0.5558596,0.48004192,0.5558596
734,2,3,0.5961568,0.4789334,0.5961568
735,2,6,0.6360346,0.57543015,0.6360346
736,2,6,0.4750259,0.3043419,0.4750259
737,2,6,0.2379813,0.10897809,0.2379813
738,2,6,0.21372935,0.10035497,0.21372935
739,2,6,0.3095005,0.17509007,0.3095005
740,2,6,0.25104022,0.16520059,0.25104022
741,2,6,0.281283,0.23900568,0.281283
742,2,6,0.32358596,0.203547,0.32358596
743,2,6,0.17121458,0.08728486,0.17121458
744,2,6,0.22403449,0.12671453,0.22403449
745,2,6,0.29432124,0.17747289,0.29432124
746,2,6,0.26342562,0.18443602,0.26342562
747,2,6,0.47785947,0.41150397,0.47785947
748,2,6,0.21007752,0.118783,0.21007752
749,2,6,0.18852891,0.10177648,0.18852891
750,2,6,0.2536215,0.14780611,0.2536215
751,2,3,0.38877505,0.3878258,0.38877505
752,2,6,0.28231037,0.18787932,0.28231037
753,2,6,0.4283914,0.34468,0.4283914
754,2,6,0.31494445,0.23845667,0.31494445
755,2,6,0.30376333,0.2037971,0.30376333
756,2,6,0.31415567,0.2546366,0.31415567
757,2,3,0.416769,0.39195102,0.416769
758,2,3,0.38564643,0.30237883,0.38564643
759,2,3,0.49528778,0.51970744,0.51970744
760,2,3,0.5355812,0.44644362,0.5355812
761,2,3,0.6113059,0.65221226,0.65221226
762,2,6,0.571779,0.4380768,0.571779
763,2,6,0.58534306,0.5191026,0.58534306
764,2,6,0.59381044,0.47096413,0.59381044
765,2,6,0.4291245,0.3328635,0.4291245
766,2,6,0.31032795,0.17016304,0.31032795
767,2,6,0.32699427,0.20429122,0.32699427
768,2,3,0.39977562,0.37504214,0.39977562
769,2,3,0.056410708,0.020577371,0.056410708
770,2,3,0.22844398,0.10453218,0.22844398
771,2,3,0.46244732,0.3288983,0.46244732
772,2,3,0.6148312,0.58330345,0.6148312
773,2,2,0.43234873,0.31865758,0.43234873
774,2,2,0.47454643,0.4076935,0.47454643
775,2,2,0.49412078,0.47975856,0.49412078
776,2,3,0.38831374,0.33066982,0.38831374
777,2,2,0.48914444,0.50219595,0.50219595
778,2,2,0.4956909,0.53098106,0.53098106
779,2,2,0.42464834,0.3354984,0.42464834
780,2,2,0.5106275,0.4172576,0.5106275
781,2,2,0.5188561,0.42870742,0.5188561
782,2,2,0.53127694,0.40296668,0.53127694
783,2,4,0.5594154,0.57388127,0.57388127
784,2,4,0.49498636,0.5543568,0.5543568
785,2,2,0.4112686,0.30988598,0.4112686
786,2,4,0.5118225,0.5444534,0.5444534
787,2,3,0.5170596,0.54292834,0.54292834
788,2,2,0.5485285,0.492801,0.5485285
789,2,2,0.55439556,0.47082996,0.55439556
790,2,2,0.40575054,0.23875242,0.40575054
791,2,2,0.661864,0.49867326,0.661864
792,2,2,0.5781268,0.5472586,0.5781268
793,2,2,0.50725085,0.3860491,0.50725085
794,2,2,0.48114383,0.3556059,0.48114383
795,2,2,0.5319096,0.45746374,0.5319096
796,2,2,0.4474593,0.33675236,0.4474593
797,2,2,0.5351385,0.49638224,0.5351385
798,2,2,0.440123,0.35031623,0.440123
799,2,2,0.45271492,0.34823078,0.45271492
800,2,2,0.49241808,0.41424358,0.49241808
801,2,2,0.5346633,0.37423462,0.5346633
802,2,2,0.43151757,0.28048843,0.43151757
803,2,2,0.6094059,0.4631167,0.6094059
804,2,2,0.6709661,0.5552509,0.6709661
805,2,6,0.6488088,0.55176556,0.6488088
806,2,2,0.7268475,0.6652,0.7268475
807,2,3,0.6395596,0.4911499,0.6395596
808,2,2,0.55386806,0.36844498,0.55386806
809,2,2,0.63715833,0.4875816,0.63715833
810,2,2,0.5153604,0.44814152,0.5153604
811,2,2,0.4508008,0.2787572,0.4508008
812,2,6,0.41590875,0.40326315,0.41590875
813,2,6,0.48519173,0.39873797,0.48519173
814,2,3,0.62480474,0.5459943,0.62480474
815,2,2,0.73459464,0.66765213,0.73459464
816,2,5,0.6356377,0.5709086,0.6356377
817,2,5,0.4965842,0.36600816,0.4965842
818,2,5,0.62047565,0.54178053,0.62047565
819,2,5,0.5276601,0.39400977,0.5276601
820,2,2,0.6334183,0.62846786,0.6334183
821,2,5,0.60138744,0.5112078,0.60138744
822,2,5,0.58552504,0.5624381,0.58552504
823,2,5,0.55835646,0.5225328,0.55835646
824,2,2,0.59842163,0.43007237,0.59842163
825,2,2,0.54266316,0.3268419,0.54266316
826,2,3,0.71481115,0.61766243,0.71481115
827,2,2,0.6194964,0.41530406,0.6194964
828,2,3,0.53640044,0.4675721,0.53640044
829,2,3,0.5160013,0.3821994,0.5160013
830,2,3,0.32487988,0.19920003,0.32487988
831,2,3,0.26203385,0.15064347,0.26203385
832,2,3,0.6017395,0.5307594,0.6017395
833,2,1,0.2608994,0.12551731,0.2608994
834,2,1,0.24280906,0.14906812,0.24280906
835,2,1,0.3900657,0.43284565,0.43284565
836,2,6,0.43398556,0.39200515,0.43398556
837,2,6,0.36788407,0.2530787,0.36788407
838,2,6,0.40372464,0.2917778,0.40372464
839,2,6,0.532331,0.39605904,0.532331
840,2,6,0.542525,0.3927976,0.542525
841,2,6,0.6008974,0.46865684,0.6008974
842,2,6,0.6767001,0.5605154,0.6767001
843,2,1,0.52592367,0.38859272,0.52592367
844,2,1,0.40141365,0.31080538,0.40141365
845,2,1,0.34556186,0.30757976,0.34556186
846,2,1,0.31386235,0.28863066,0.31386235
847,2,1,0.3415021,0.3511194,0.3511194
848,2,1,0.32175112,0.3463009,0.3463009
849,2,1,0.3727318,0.46793836,0.46793836
850,2,1,0.51336503,0.54897404,0.54897404
851,2,6,0.49433655,0.4170286,0.49433655
852,2,6,0.38974044,0.29395145,0.38974044
853,2,6,0.27676985,0.1944195,0.27676985
854,2,6,0.2674617,0.21010214,0.2674617
855,2,6,0.30960193,0.31817567,0.31817567
856,2,6,0.29773265,0.29169703,0.29773265
857,2,6,0.32171652,0.3658951,0.3658951
858,2,6,0.25374067,0.20877725,0.25374067
859,2,6,0.28280255,0.2594738,0.28280255
860,3,0,0.46672973,0.30085635,0.46672973
861,3,0,0.5462304,0.38546503,0.5462304
862,3,0,0.41431916,0.23362374,0.41431916
863,3,0,0.45938256,0.28698725,0.45938256
864,3,0,0.7085298,0.50577784,0.7085298
865,3,5,0.84740674,0.6183291,0.84740674
866,3,5,0.75566906,0.5237016,0.75566906
867,3,3,0.78584385,0.5880439,0.78584385
868,3,3,0.7616162,0.5424447,0.7616162
869,3,3,0.7335108,0.5711534,0.7335108
870,3,3,0.71795166,0.5585569,0.71795166
871,3,3,0.43249956,0.22508413,0.43249956
872,3,3,0.66576856,0.4010874,0.66576856
873,3,3,0.74421436,0.47114867,0.74421436
874,3,3,0.79693633,0.5830227,0.79693633
875,3,3,0.70083183,0.51450366,0.70083183
876,3,3,0.61008894,0.5032406,0.61008894
877,3,3,0.5054089,0.36666685,0.5054089
878,3,3,0.5156917,0.49036485,0.5156917
879,3,3,0.47935635,0.3313793,0.47935635
880,3,3,0.5663441,0.49692553,0.5663441
881,3,6,0.58584356,0.4681884,0.58584356
882,3,6,0.11857709,0.044350207,0.11857709
883,3,6,0.10918246,0.040448427,0.10918246
884,3,6,0.06943613,0.023422062,0.06943613
885,3,6,0.49808955,0.30690503,0.49808955
886,3,6,0.38290548,0.20701176,0.38290548
887,3,6,0.65522754,0.5580735,0.65522754
888,3,3,0.31906778,0.17261118,0.31906778
889,3,3,0.524858,0.4833852,0.524858
890,3,6,0.58401424,0.35784233,0.58401424
891,3,6,0.4863843,0.2753147,0.4863843
892,3,6,0.4957392,0.3419087,0.4957392
893,3,6,0.6957438,0.4926523,0.6957438
894,3,6,0.78727895,0.68540514,0.78727895
895,3,6,0.8549659,0.69358706,0.8549659
896,3,6,0.753457,0.5424044,0.753457
897,3,6,0.62664706,0.41769862,0.62664706
898,3,6,0.6866808,0.48346734,0.6866808
899,3,6,0.37535396,0.25339562,0.37535396
900,3,6,0.4120341,0.3779977,0.4120341
901,3,6,0.6810151,0.5262977,0.6810151
902,3,1,0.6164077,0.47696036,0.6164077
903,3,3,0.71722597,0.5675143,0.71722597
904,3,3,0.38737637,0.20422876,0.38737637
905,3,3,0.35575384,0.21536362,0.35575384
906,3,3,0.42953345,0.36027622,0.42953345
907,3,3,0.38705114,0.5115591,0.5115591
908,3,2,0.40719905,0.31163573,0.40719905
909,3,2,0.3829675,0.2478792,0.3829675
910,3,2,0.3568676,0.22558284,0.3568676
911,3,3,0.34804994,0.22409445,0.34804994
912,3,2,0.59417975,0.47262806,0.59417975
913,3,3,0.51302636,0.40594506,0.51302636
914,3,3,0.624944,0.5164436,0.624944
915,3,3,0.51990974,0.41222966,0.51990974
916,3,3,0.62411094,0.47280556,0.62411094
917,3,3,0.3508454,0.19010735,0.3508454
918,3,3,0.12425817,0.04983002,0.12425817
919,3,3,0.25802594,0.13550597,0.25802594
920,3,3,0.16875693,0.09572834,0.16875693
921,3,3,0.17243803,0.1001572,0.17243803
922,3,3,0.13267584,0.07576573,0.13267584
923,3,3,0.07238187,0.032644033,0.07238187
924,3,3,0.0068566767,0.0018008351,0.0068566767
925,3,3,0.009315263,0.0025749207,0.009315263
926,3,3,0.025918752,0.0079723,0.025918752
927,3,3,0.08629455,0.03148544,0.08629455
928,3,3,0.101346396,0.03820914,0.101346396
929,3,3,0.16559502,0.08425176,0.16559502
930,3,3,0.2322618,0.11190981,0.2322618
931,3,3,0.08299878,0.030732036,0.08299878
932,3,3,0.015442917,0.004150629,0.015442917
933,3,3,0.02598513,0.008315086,0.02598513
934,3,3,0.08877127,0.036693573,0.08877127
935,3,3,0.019572474,0.005625725,0.019572474
936,3,3,0.027757052,0.008805275,0.027757052
937,3,3,0.043726996,0.013888478,0.043726996
938,3,3,0.0039775115,0.0009383559,0.0039775115
939,3,3,0.040920686,0.01402992,0.040920686
940,3,3,0.2695426,0.17479485,0.2695426
941,3,6,0.38511682,0.25625145,0.38511682
942,3,6,0.47417328,0.5137993,0.5137993
943,3,1,0.43132028,0.51314294,0.51314294
944,3,6,0.35045105,0.28822815,0.35045105
945,3,6,0.43688053,0.3930722,0.43688053
946,3,6,0.28027636,0.20710468,0.28027636
947,3,6,0.2517768,0.15592313,0.2517768
948,3,6,0.37429318,0.37807417,0.37807417
949,3,6,0.32443172,0.28282833,0.32443172
950,3,6,0.13055114,0.057899833,0.13055114
951,3,6,0.16446257,0.07959592,0.16446257
952,3,6,0.23681131,0.16418105,0.23681131
953,3,6,0.2624824,0.13383222,0.2624824
954,3,6,0.33522388,0.19055545,0.33522388
955,3,6,0.30479336,0.1822654,0.30479336
956,3,6,0.455304,0.31164855,0.455304
957,3,6,0.35067654,0.27782142,0.35067654
958,3,6,0.3051991,0.21720725,0.3051991
959,3,6,0.27106237,0.19039607,0.27106237
960,3,6,0.18400843,0.10696375,0.18400843
961,3,6,0.21303786,0.14192772,0.21303786
962,3,6,0.33542868,0.20941675,0.33542868
963,3,6,0.22625817,0.13001955,0.22625817
964,3,6,0.4193646,0.3319512,0.4193646
965,3,6,0.3996691,0.45789725,0.45789725
966,3,6,0.45987737,0.4088925,0.45987737
967,3,6,0.19514763,0.13412386,0.19514763
968,3,6,0.35847145,0.4518454,0.4518454
969,3,6,0.3407167,0.44439757,0.44439757
970,3,6,0.33577803,0.4284817,0.4284817
971,3,6,0.3015307,0.30658704,0.30658704
972,3,6,0.32412747,0.3288852,0.3288852
973,3,6,0.18958983,0.10525304,0.18958983
974,3,6,0.098118156,0.046367884,0.098118156
975,3,6,0.19381608,0.11058694,0.19381608
976,3,6,0.1595821,0.08224827,0.1595821
977,3,6,0.12090091,0.06522858,0.12090091
978,3,6,0.21676312,0.158288,0.21676312
979,3,6,0.2425429,0.1937359,0.2425429
980,3,6,0.31850603,0.351907,0.351907
981,3,6,0.20698342,0.13672858,0.20698342
982,3,6,0.2520494,0.18365908,0.2520494
983,3,6,0.23882703,0.13249731,0.23882703
984,3,6,0.35373154,0.24424994,0.35373154
985,3,3,0.39139703,0.42682648,0.42682648
986,3,3,0.17693841,0.0925836,0.17693841
987,3,6,0.45680675,0.39942342,0.45680675
988,3,6,0.26361763,0.21056348,0.26361763
989,3,6,0.2950417,0.2876879,0.2950417
990,3,6,0.3388002,0.3840691,0.3840691
991,3,6,0.20946608,0.14045441,0.20946608
992,3,6,0.15227488,0.07822853,0.15227488
993,3,6,0.070524774,0.027943432,0.070524774
994,3,6,0.21120255,0.102614105,0.21120255
995,3,6,0.111557096,0.04534757,0.111557096
996,3,6,0.2575224,0.14729953,0.2575224
997,3,6,0.087800995,0.03475815,0.087800995
998,3,6,0.24109964,0.14417136,0.24109964
999,3,3,0.07604769,0.031845927,0.07604769
1000,3,3,0.2528711,0.17506218,0.2528711
1001,3,3,0.35305166,0.32124186,0.35305166
1002,3,6,0.38551685,0.31245476,0.38551685
1003,3,6,0.4182116,0.4708714,0.4708714
1004,3,6,0.27575374,0.23774582,0.27575374
1005,3,6,0.28728577,0.2683869,0.28728577
1006,3,6,0.32056212,0.32875162,0.32875162
1007,3,6,0.36199072,0.26176172,0.36199072
1008,3,3,0.33036909,0.2984724,0.33036909
1009,3,3,0.22742578,0.15610701,0.22742578
1010,3,6,0.31162515,0.2701751,0.31162515
1011,3,6,0.11051379,0.049441755,0.11051379
1012,3,6,0.24228285,0.13637614,0.24228285
1013,3,3,0.28296244,0.23897094,0.28296244
1014,3,3,0.038091164,0.01427263,0.038091164
1015,3,3,0.19444264,0.12100065,0.19444264
1016,3,3,0.09120872,0.042821288,0.09120872
1017,3,6,0.4034554,0.39997613,0.4034554
1018,3,6,0.29463643,0.21293432,0.29463643
1019,3,6,0.21718486,0.15812641,0.21718486
1020,3,6,0.27303696,0.24436766,0.27303696
1021,3,6,0.2742189,0.23848408,0.2742189
1022,3,6,0.22439452,0.1454488,0.22439452
1023,3,6,0.26435986,0.17095327,0.26435986
1024,3,6,0.10749556,0.048810363,0.10749556
1025,3,6,0.14356533,0.06979072,0.14356533
1026,3,6,0.17391007,0.08258098,0.17391007
1027,3,6,0.11959759,0.059702456,0.11959759
1028,3,6,0.37480047,0.3457893,0.37480047
1029,3,6,0.4270675,0.39997423,0.4270675
1030,3,6,0.22711593,0.12176907,0.22711593
1031,3,6,0.3626753,0.30171776,0.3626753
1032,3,6,0.42840418,0.42586935,0.42840418
1033,3,6,0.37187102,0.37675506,0.37675506
1034,3,6,0.3072651,0.29656088,0.3072651
1035,3,6,0.30855563,0.31272954,0.31272954
1036,3,6,0.43388212,0.3661726,0.43388212
1037,3,3,0.3667797,0.33353055,0.3667797
1038,3,6,0.33142307,0.23823333,0.33142307
1039,3,6,0.24104154,0.14378834,0.24104154
1040,3,6,0.3516716,0.23664612,0.3516716
1041,3,6,0.3250574,0.31109118,0.3250574
1042,3,6,0.23697618,0.16668212,0.23697618
1043,3,6,0.17154151,0.10043299,0.17154151
1044,3,6,0.19403057,0.12138069,0.19403057
1045,3,6,0.18544959,0.09726453,0.18544959
1046,3,6,0.24132872,0.1405623,0.24132872
1047,3,6,0.28482985,0.18683094,0.28482985
1048,3,6,0.37475938,0.3149271,0.37475938
1049,3,6,0.17721851,0.087513804,0.17721851
1050,3,3,0.30038267,0.25254065,0.30038267
1051,3,6,0.33397827,0.25681823,0.33397827
1052,3,3,0.3094733,0.27677268,0.3094733
1053,3,3,0.13731153,0.07644749,0.13731153
1054,3,3,0.13833852,0.07782513,0.13833852
1055,3,3,0.10449243,0.049948096,0.10449243
1056,3,6,0.4354376,0.37337506,0.4354376
1057,3,6,0.28443867,0.21385753,0.28443867
1058,3,6,0.25737274,0.17487848,0.25737274
1059,3,6,0.1838787,0.120916724,0.1838787
1060,3,6,0.13351524,0.067782044,0.13351524
1061,3,6,0.09112683,0.037851512,0.09112683
1062,3,6,0.13736297,0.062233865,0.13736297
1063,3,6,0.1734322,0.08428657,0.1734322
1064,3,6,0.18049347,0.09443265,0.18049347
1065,3,6,0.2492352,0.15343076,0.2492352
1066,3,6,0.19263218,0.101112366,0.19263218
1067,3,6,0.24532181,0.14945334,0.24532181
1068,3,6,0.27443388,0.17722517,0.27443388
1069,3,3,0.27580455,0.21666789,0.27580455
1070,3,3,0.26417595,0.20612717,0.26417595
1071,3,3,0.35114375,0.39671755,0.39671755
1072,3,6,0.2561083,0.18839955,0.2561083
1073,3,6,0.17775874,0.09323734,0.17775874
1074,3,6,0.19804716,0.10233468,0.19804716
1075,3,6,0.42545652,0.32804614,0.42545652
1076,3,3,0.48025778,0.34361154,0.48025778
1077,3,3,0.25062454,0.117385685,0.25062454
1078,3,3,0.36023068,0.18778443,0.36023068
1079,3,3,0.38626382,0.22322494,0.38626382
1080,3,3,0.57677025,0.45953608,0.57677025
1081,3,3,0.20232704,0.09890461,0.20232704
1082,3,3,0.16627422,0.07215732,0.16627422
1083,3,3,0.1464435,0.059673548,0.1464435
1084,3,3,0.31601548,0.16522998,0.31601548
1085,3,3,0.24126022,0.13165319,0.24126022
1086,3,2,0.5160101,0.4864936,0.5160101
1087,3,2,0.42457137,0.47697723,0.47697723
1088,3,4,0.426424,0.43821216,0.43821216
1089,3,4,0.39266297,0.36344177,0.39266297
1090,3,4,0.45892704,0.4947127,0.4947127
1091,3,2,0.50201535,0.5258453,0.5258453
1092,3,2,0.6842386,0.6471318,0.6842386
1093,3,3,0.4625137,0.327424,0.4625137
1094,3,3,0.30441198,0.15682906,0.30441198
1095,3,3,0.07942095,0.029573858,0.07942095
1096,3,3,0.11976451,0.047340274,0.11976451
1097,3,3,0.099588245,0.037412226,0.099588245
1098,3,3,0.30922312,0.21602315,0.30922312
1099,3,3,0.14646685,0.064943194,0.14646685
1100,3,3,0.3789366,0.2393893,0.3789366
1101,3,2,0.6979284,0.5858551,0.6979284
1102,3,3,0.610716,0.5354839,0.610716
1103,3,3,0.48761448,0.3845511,0.48761448
1104,3,3,0.6153798,0.5354996,0.6153798
1105,3,5,0.5721014,0.43927544,0.5721014
1106,3,3,0.19227973,0.087969124,0.19227973
1107,3,3,0.47422248,0.370023,0.47422248
1108,3,3,0.2668495,0.13172346,0.2668495
1109,3,3,0.47218087,0.28455025,0.47218087
1110,3,2,0.61987764,0.59217036,0.61987764
1111,3,2,0.65462387,0.50180024,0.65462387
1112,3,2,0.41649172,0.2875985,0.41649172
1113,3,2,0.6000631,0.449664,0.6000631
1114,3,2,0.58381265,0.40144402,0.58381265
1115,3,2,0.5832098,0.45132184,0.5832098
1116,3,3,0.4085046,0.28214252,0.4085046
1117,3,3,0.39230686,0.2505591,0.39230686
1118,3,2,0.5264546,0.44262832,0.5264546
1119,3,3,0.42183033,0.33928496,0.42183033
1120,3,3,0.21968848,0.11950177,0.21968848
1121,3,3,0.36800027,0.26719427,0.36800027
1122,3,2,0.44782782,0.3613698,0.44782782
1123,3,2,0.4207097,0.32779068,0.4207097
1124,3,2,0.44174868,0.4989702,0.4989702
1125,3,2,0.43695185,0.43192613,0.43695185
1126,3,2,0.5232194,0.5661024,0.5661024
1127,3,2,0.5679978,0.6221765,0.6221765
1128,3,2,0.61576587,0.5909155,0.61576587
1129,3,3,0.40798464,0.28668338,0.40798464
1130,3,3,0.281768,0.1664747,0.281768
1131,3,3,0.5862296,0.48398286,0.5862296
1132,3,3,0.4142793,0.24581218,0.4142793
1133,3,3,0.3514795,0.19114906,0.3514795
1134,3,3,0.5554447,0.45979595,0.5554447
1135,3,3,0.3304528,0.19213295,0.3304528
1136,3,3,0.45882037,0.31893516,0.45882037
1137,3,3,0.6179244,0.6110771,0.6179244
1138,3,3,0.41232052,0.2726823,0.41232052
1139,3,3,0.43469578,0.26865476,0.43469578
1140,3,6,0.50117177,0.4335292,0.50117177
1141,3,6,0.25373805,0.13346088,0.25373805
1142,3,6,0.21257347,0.09871966,0.21257347
1143,3,6,0.36351568,0.1994499,0.36351568
1144,3,6,0.7605817,0.57224107,0.7605817
1145,3,0,0.8418009,0.6953898,0.8418009
1146,3,0,0.8636652,0.7136376,0.8636652
1147,3,0,0.6709211,0.46902966,0.6709211
1148,3,6,0.9092434,0.7569474,0.9092434
1149,3,6,0.8335777,0.5947726,0.8335777
1150,3,1,0.53847045,0.5172712,0.53847045
1151,3,1,0.5119655,0.46804005,0.5119655
1152,3,6,0.7171169,0.57887685,0.7171169
1153,3,6,0.7719247,0.69448763,0.7719247
1154,3,3,0.72895265,0.5995157,0.72895265
1155,3,3,0.7612175,0.5665592,0.7612175
1156,3,3,0.8427113,0.6627791,0.8427113
1157,3,3,0.74625117,0.49383485,0.74625117
1158,3,6,0.85531884,0.65026915,0.85531884
1159,3,6,0.8894828,0.6964487,0.8894828
1160,3,6,0.5910733,0.56384975,0.5910733
1161,3,6,0.4577722,0.4957444,0.4957444
1162,3,1,0.38482592,0.46277088,0.46277088
1163,3,1,0.36900878,0.45799118,0.45799118
1164,3,1,0.36458635,0.4162864,0.4162864
1165,3,1,0.3413495,0.35287356,0.35287356
1166,3,1,0.32361242,0.29692322,0.32361242
1167,3,1,0.39394644,0.4154554,0.4154554
1168,3,1,0.40414387,0.339415,0.40414387
1169,3,1,0.59004796,0.5429739,0.59004796
1170,3,6,0.73660195,0.5303484,0.73660195
1171,3,5,0.8899792,0.701093,0.8899792
1172,3,6,0.75005853,0.5021287,0.75005853
1173,3,6,0.62349766,0.49986088,0.62349766
1174,3,6,0.6897527,0.5391975,0.6897527
1175,3,6,0.7305257,0.5440953,0.7305257
1176,4,2,0.7248533,0.56338584,0.7248533
1177,4,3,0.56910264,0.40031785,0.56910264
1178,4,3,0.3576189,0.19129157,0.3576189
1179,4,3,0.64112586,0.5603502,0.64112586
1180,4,3,0.7606328,0.65863574,0.7606328
1181,4,3,0.79874957,0.6277016,0.79874957
1182,4,2,0.859264,0.7134088,0.859264
1183,4,5,0.6196176,0.41534537,0.6196176
1184,4,5,0.6222149,0.4597715,0.6222149
1185,4,3,0.67079604,0.543748,0.67079604
1186,4,3,0.5991276,0.39970148,0.5991276
1187,4,3,0.56785357,0.32603717,0.56785357
1188,4,3,0.8098832,0.66043603,0.8098832
1189,4,2,0.8676888,0.7277913,0.8676888
1190,4,2,0.85821235,0.7293732,0.85821235
1191,4,5,0.88879436,0.7437086,0.88879436
1192,4,5,0.91971004,0.7944536,0.91971004
1193,4,5,0.8243948,0.68657815,0.8243948
1194,4,5,0.8372695,0.7190588,0.8372695
1195,4,5,0.6605214,0.49083084,0.6605214
1196,4,5,0.63683707,0.4914639,0.63683707
1197,4,5,0.5913117,0.40001768,0.5913117
1198,4,2,0.58169025,0.42500526,0.58169025
1199,4,2,0.6514449,0.54977417,0.6514449
1200,4,2,0.5796769,0.50727326,0.5796769
1201,4,2,0.559374,0.55086374,0.559374
1202,4,2,0.6441157,0.66362584,0.66362584
1203,4,4,0.57681894,0.54425275,0.57681894
1204,4,4,0.583165,0.6145643,0.6145643
1205,4,5,0.6569884,0.59735817,0.6569884
1206,4,2,0.54285794,0.42320645,0.54285794
1207,4,2,0.47359356,0.31668425,0.47359356
1208,4,2,0.44530138,0.46347076,0.46347076
1209,4,2,0.57495797,0.48136038,0.57495797
1210,4,2,0.59874874,0.5763463,0.59874874
1211,4,5,0.504223,0.37221307,0.504223
1212,4,5,0.49876598,0.31872708,0.49876598
1213,4,5,0.26591715,0.12851906,0.26591715
1214,4,5,0.5317522,0.3531615,0.5317522
1215,4,5,0.5451498,0.4196332,0.5451498
1216,4,2,0.5928455,0.59442353,0.59442353
1217,4,2,0.65951055,0.6307944,0.65951055
1218,4,4,0.44848597,0.38041627,0.44848597
1219,4,2,0.6382783,0.6164198,0.6382783
1220,4,2,0.5539532,0.44006926,0.5539532
1221,4,2,0.60395896,0.45899075,0.60395896
1222,4,6,0.21439506,0.10520607,0.21439506
1223,4,6,0.19920802,0.08733332,0.19920802
1224,4,6,0.23600417,0.14310437,0.23600417
1225,4,6,0.37921113,0.29056793,0.37921113
1226,4,2,0.45877594,0.42910993,0.45877594
1227,4,2,0.47273302,0.3254094,0.47273302
1228,4,2,0.49909943,0.53998566,0.53998566
1229,4,6,0.47205386,0.43985498,0.47205386
1230,4,6,0.363193,0.33545762,0.363193
1231,4,6,0.4847809,0.48333412,0.4847809
1232,4,2,0.47675523,0.38474494,0.47675523
1233,4,2,0.57533395,0.5590043,0.57533395
1234,4,2,0.53290296,0.39887136,0.53290296
1235,4,6,0.5884883,0.58841443,0.5884883
1236,4,6,0.58299667,0.51634043,0.58299667
1237,4,2,0.6385652,0.5693196,0.6385652
1238,4,2,0.62306416,0.52070117,0.62306416
1239,4,2,0.50030154,0.45386785,0.50030154
1240,4,2,0.5771676,0.4069661,0.5771676
1241,4,6,0.4352911,0.32779247,0.4352911
1242,4,2,0.41729903,0.30053866,0.41729903
1243,4,2,0.5202593,0.43116313,0.5202593
1244,4,2,0.51613796,0.3925432,0.51613796
1245,4,2,0.524983,0.38333327,0.524983
1246,4,6,0.18459204,0.09197563,0.18459204
1247,4,6,0.32036164,0.19759375,0.32036164
1248,4,6,0.19570164,0.08419013,0.19570164
1249,4,6,0.69544405,0.62341547,0.69544405
1250,4,5,0.6790371,0.58136714,0.6790371
1251,4,3,0.6150432,0.47710103,0.6150432
1252,4,6,0.57544833,0.4190398,0.57544833
1253,4,6,0.29396918,0.14837563,0.29396918
1254,4,6,0.17607626,0.0783785,0.17607626
1255,4,6,0.10257068,0.039299965,0.10257068
1256,4,6,0.36895177,0.24068975,0.36895177
1257,4,6,0.5178739,0.4812668,0.5178739
1258,4,6,0.48088992,0.3559128,0.48088992
1259,4,3,0.46810514,0.32739878,0.46810514
1260,4,3,0.35552838,0.21872562,0.35552838
1261,4,3,0.5714678,0.50313526,0.5714678
1262,4,6,0.54613304,0.41086543,0.54613304
1263,4,3,0.5496398,0.42271805,0.5496398
1264,4,6,0.4540669,0.31347692,0.4540669
1265,4,6,0.26996198,0.12996686,0.26996198
1266,4,6,0.122624606,0.04648155,0.122624606
1267,4,6,0.42104375,0.27571267,0.42104375
1268,4,6,0.37742653,0.21813768,0.37742653
1269,4,6,0.36617255,0.2692309,0.36617255
1270,4,6,0.36896768,0.3583749,0.36896768
1271,4,6,0.32921857,0.22739774,0.32921857
1272,4,6,0.20884815,0.10201293,0.20884815
1273,4,6,0.31342697,0.1993506,0.31342697
1274,4,6,0.38249126,0.22734725,0.38249126
1275,4,6,0.3007549,0.18999785,0.3007549
1276,4,3,0.24125448,0.16026723,0.24125448
1277,4,6,0.37979016,0.44180655,0.44180655
1278,4,6,0.32906437,0.24357688,0.32906437
1279,4,6,0.4108954,0.36754936,0.4108954
1280,4,3,0.20290107,0.10810614,0.20290107
1281,4,6,0.4493305,0.3854246,0.4493305
1282,4,3,0.251549,0.13453656,0.251549
1283,4,3,0.08655406,0.03329432,0.08655406
1284,4,3,0.4120924,0.27761286,0.4120924
1285,4,3,0.23657936,0.1409775,0.23657936
1286,4,6,0.39191997,0.43709618,0.43709618
1287,4,6,0.2168591,0.101038575,0.2168591
1288,4,6,0.18556048,0.08633536,0.18556048
1289,4,6,0.22950892,0.14387572,0.22950892
1290,4,6,0.08840492,0.033151567,0.08840492
1291,4,6,0.30946755,0.16707039,0.30946755
1292,4,6,0.18451089,0.08488947,0.18451089
1293,4,6,0.20343769,0.094846785,0.20343769
1294,4,6,0.076522164,0.028427005,0.076522164
1295,4,6,0.27614996,0.18107855,0.27614996
1296,4,6,0.37189618,0.3461932,0.37189618
1297,4,3,0.4496522,0.47511965,0.47511965
1298,4,3,0.445194,0.3951124,0.445194
1299,4,3,0.44995093,0.50590837,0.50590837
1300,4,6,0.25380507,0.13564676,0.25380507
1301,4,3,0.4009125,0.45226598,0.45226598
1302,4,3,0.29716927,0.2144385,0.29716927
1303,4,6,0.47270685,0.44145918,0.47270685
1304,4,6,0.45941645,0.33875036,0.45941645
1305,4,6,0.34543282,0.19945514,0.34543282
1306,4,6,0.51649004,0.44567877,0.51649004
1307,4,6,0.3372477,0.23056567,0.3372477
1308,4,6,0.32875785,0.20657861,0.32875785
1309,4,6,0.40060157,0.34913617,0.40060157
1310,4,6,0.48958772,0.37956297,0.48958772
1311,4,6,0.6228253,0.5284749,0.6228253
1312,4,6,0.5642402,0.52374005,0.5642402
1313,4,6,0.61355215,0.54241383,0.61355215
1314,4,6,0.40519184,0.23119205,0.40519184
1315,4,6,0.4575212,0.28739256,0.4575212
1316,4,6,0.25939557,0.12569147,0.25939557
1317,4,6,0.25657892,0.117884696,0.25657892
1318,4,6,0.4180816,0.24142456,0.4180816
1319,4,6,0.28331012,0.14292496,0.28331012
1320,4,6,0.38898882,0.25183034,0.38898882
1321,4,3,0.38231748,0.2802083,0.38231748
1322,4,3,0.24336015,0.13324797,0.24336015
1323,4,6,0.55755925,0.5059857,0.55755925
1324,4,3,0.46276498,0.31902176,0.46276498
1325,4,6,0.68872976,0.70631737,0.70631737
1326,4,6,0.5366357,0.3681522,0.5366357
1327,4,6,0.3250878,0.1909281,0.3250878
1328,4,6,0.19580218,0.08837521,0.19580218
1329,4,6,0.16134647,0.08307713,0.16134647
1330,4,6,0.09400095,0.03807813,0.09400095
1331,4,6,0.12219806,0.0608989,0.12219806
1332,4,6,0.13034539,0.060211122,0.13034539
1333,4,6,0.21106201,0.09279019,0.21106201
1334,4,6,0.1842197,0.087747276,0.1842197
1335,4,6,0.17540284,0.07434499,0.17540284
1336,4,6,0.31929427,0.17529273,0.31929427
1337,4,6,0.46781868,0.28631634,0.46781868
1338,4,6,0.45108745,0.28293848,0.45108745
1339,4,6,0.33605355,0.18731457,0.33605355
1340,4,6,0.16075735,0.07642418,0.16075735
1341,4,6,0.12712869,0.058594227,0.12712869
1342,4,6,0.27721122,0.19062471,0.27721122
1343,4,6,0.28894925,0.20649862,0.28894925
1344,4,6,0.22475314,0.105513394,0.22475314
1345,4,6,0.46377265,0.37597203,0.46377265
1346,4,3,0.49364352,0.37673318,0.49364352
1347,4,3,0.108499594,0.042504787,0.108499594
1348,4,3,0.029099368,0.008773506,0.029099368
1349,4,3,0.01143852,0.0029992461,0.01143852
1350,4,3,0.17536554,0.083131194,0.17536554
1351,4,3,0.4616888,0.36240584,0.4616888
1352,4,3,0.47778815,0.35870212,0.47778815
1353,4,3,0.5855764,0.50627553,0.5855764
1354,4,6,0.39048427,0.23748058,0.39048427
1355,4,5,0.55455834,0.50725806,0.55455834
1356,4,3,0.3762608,0.2365799,0.3762608
1357,4,3,0.5722191,0.48401487,0.5722191
1358,4,3,0.566187,0.3908484,0.566187
1359,4,3,0.32082453,0.16489881,0.32082453
1360,4,2,0.76011026,0.7119312,0.76011026
1361,4,2,0.71401787,0.5277449,0.71401787
1362,4,2,0.7459696,0.5756855,0.7459696
1363,4,2,0.7315655,0.59143007,0.7315655
1364,4,3,0.6092136,0.581937,0.6092136
1365,4,2,0.5845066,0.5955673,0.5955673
1366,4,2,0.5477567,0.4003029,0.5477567
1367,4,2,0.550652,0.36775166,0.550652
1368,4,2,0.52414167,0.3126775,0.52414167
1369,4,2,0.4948038,0.28729284,0.4948038
1370,4,2,0.57661843,0.3605947,0.57661843
1371,4,2,0.69853026,0.64495265,0.69853026
1372,4,2,0.6339823,0.4563843,0.6339823
1373,4,2,0.6898741,0.65344083,0.6898741
1374,4,2,0.58307695,0.46351737,0.58307695
1375,4,2,0.46445662,0.35367972,0.46445662
1376,4,2,0.56602335,0.4747876,0.56602335
1377,4,2,0.5998621,0.45715415,0.5998621
1378,4,2,0.6625163,0.6459615,0.6625163
1379,4,2,0.67087346,0.6919692,0.6919692
1380,4,3,0.5581876,0.45884925,0.5581876
1381,4,3,0.28980553,0.16154599,0.28980553
1382,4,3,0.24090688,0.120782435,0.24090688
1383,4,3,0.44678617,0.35169858,0.44678617
1384,4,3,0.394916,0.25323516,0.394916
1385,4,5,0.54961747,0.4099335,0.54961747
1386,4,3,0.689881,0.6586825,0.689881
1387,4,2,0.58571756,0.53310347,0.58571756
1388,4,3,0.68607926,0.58046806,0.68607926
1389,4,2,0.73631865,0.5560055,0.73631865
1390,4,2,0.6620118,0.46227837,0.6620118
1391,4,2,0.67202425,0.4229188,0.67202425
1392,4,2,0.7873493,0.564028,0.7873493
1393,4,6,0.7306012,0.52871084,0.7306012
1394,4,2,0.8568337,0.6835165,0.8568337
1395,4,3,0.81136173,0.65018415,0.81136173
1396,4,3,0.7786813,0.6470771,0.7786813
1397,4,3,0.76802003,0.5584475,0.76802003
1398,4,6,0.78138155,0.65006536,0.78138155
1399,4,0,0.7761946,0.6424217,0.7761946
1400,4,6,0.7748238,0.695959,0.7748238
1401,4,1,0.9390485,0.7588111,0.9390485
1402,4,5,0.9417024,0.75553346,0.9417024
1403,4,6,0.9223441,0.7723722,0.9223441
1404,4,6,0.6106973,0.5044539,0.6106973
1405,4,6,0.48346496,0.38434225,0.48346496
1406,4,6,0.38442978,0.37196475,0.38442978
1407,4,1,0.40377507,0.3720817,0.40377507
1408,4,1,0.62114346,0.438792,0.62114346
1409,4,1,0.80952305,0.6773022,0.80952305
1410,4,2,0.8313353,0.6563039,0.8313353
1411,4,2,0.7686801,0.61837953,0.7686801
1412,4,2,0.7459408,0.56671757,0.7459408
1413,4,6,0.72168887,0.51535237,0.72168887
1414,4,6,0.55098027,0.3965255,0.55098027
1415,4,1,0.38232908,0.5077244,0.5077244
1416,4,6,0.3434035,0.31907195,0.3434035
1417,4,6,0.37343797,0.503902,0.503902
1418,4,6,0.38436309,0.4865957,0.4865957
1419,4,1,0.4476351,0.45908248,0.45908248
1420,4,1,0.5452274,0.5080841,0.5452274
1421,4,6,0.85525525,0.7210246,0.85525525
1422,5,3,0.4883544,0.3108667,0.4883544
1423,5,6,0.4668896,0.30952245,0.4668896
1424,5,6,0.63679326,0.5188197,0.63679326
1425,5,3,0.6090629,0.58627516,0.6090629
1426,5,3,0.5364789,0.44317198,0.5364789
1427,5,3,0.37750202,0.21810013,0.37750202
1428,5,3,0.51663184,0.362701,0.51663184
1429,5,6,0.5528732,0.52348423,0.5528732
1430,5,6,0.62660986,0.6002561,0.62660986
1431,5,6,0.49003097,0.51908827,0.51908827
1432,5,3,0.06498459,0.022994101,0.06498459
1433,5,3,0.018457457,0.0052318573,0.018457457
1434,5,3,0.03933184,0.013073266,0.03933184
1435,5,3,0.3192669,0.19622135,0.3192669
1436,5,3,0.5342005,0.42865646,0.5342005
1437,5,3,0.63336396,0.64160466,0.64160466
1438,5,3,0.5958045,0.5151887,0.5958045
1439,5,6,0.55569875,0.50728345,0.55569875
1440,5,6,0.5999391,0.53911245,0.5999391
1441,5,6,0.33713496,0.1860609,0.33713496
1442,5,6,0.4888321,0.3178873,0.4888321
1443,5,6,0.30701667,0.20653975,0.30701667
1444,5,6,0.1944433,0.11674404,0.1944433
1445,5,6,0.23249225,0.17369646,0.23249225
1446,5,6,0.2767679,0.25097823,0.2767679
1447,5,6,0.15080766,0.06951088,0.15080766
1448,5,6,0.48931035,0.29312557,0.48931035
1449,5,6,0.6886192,0.49371552,0.6886192
1450,5,6,0.7909149,0.68217576,0.7909149
1451,5,2,0.6649172,0.45544958,0.6649172
1452,5,2,0.841058,0.7091846,0.841058
1453,5,3,0.933051,0.7686993,0.933051
1454,5,3,0.68912375,0.57080686,0.68912375
1455,5,5,0.5977631,0.39986044,0.5977631
1456,5,5,0.4910177,0.314983,0.4910177
1457,5,5,0.3403776,0.1795814,0.3403776
1458,5,5,0.20028983,0.09887904,0.20028983
1459,5,5,0.23956163,0.11260182,0.23956163
1460,5,5,0.4573361,0.2960385,0.4573361
1461,5,5,0.72942704,0.53603965,0.72942704
1462,5,5,0.72710776,0.6030916,0.72710776
1463,5,5,0.7919103,0.62714756,0.7919103
1464,5,5,0.5286508,0.29621828,0.5286508
1465,5,5,0.78543174,0.5597253,0.78543174
1466,5,5,0.83282024,0.63299376,0.83282024
1467,5,3,0.81241316,0.5993681,0.81241316
1468,5,2,0.81778085,0.6954247,0.81778085
1469,5,5,0.8287813,0.7245237,0.8287813
1470,5,6,0.7586412,0.5712325,0.7586412
1471,5,6,0.62373894,0.3975532,0.62373894
1472,5,6,0.71717834,0.5412618,0.71717834
1473,5,5,0.7424282,0.65348774,0.7424282
1474,5,6,0.21986873,0.0934664,0.21986873
1475,5,6,0.34966317,0.18609333,0.34966317
1476,5,6,0.22152686,0.11650932,0.22152686
1477,5,6,0.33492684,0.2405352,0.33492684
1478,5,6,0.28226894,0.20953733,0.28226894
1479,5,6,0.3392779,0.33689576,0.3392779
1480,5,6,0.31798327,0.32377732,0.32377732
1481,5,6,0.32327926,0.35784352,0.35784352
1482,5,6,0.3170479,0.29975164,0.3170479
1483,5,6,0.33106515,0.3582673,0.3582673
1484,5,6,0.3750231,0.4221869,0.4221869
1485,5,6,0.4346869,0.43733382,0.43733382
1486,5,1,0.6383987,0.5409615,0.6383987
1487,5,5,0.8178245,0.69896376,0.8178245
1488,5,5,0.45002246,0.25998735,0.45002246
1489,5,5,0.6497743,0.43733048,0.6497743
1490,5,5,0.46161446,0.27656615,0.46161446
1491,5,5,0.79848295,0.7133696,0.79848295
1492,5,5,0.56492686,0.42912346,0.56492686
1493,5,5,0.18099463,0.09082681,0.18099463
1494,5,5,0.17785305,0.080373585,0.17785305
1495,5,5,0.492041,0.34262294,0.492041
1496,5,5,0.58269656,0.44282806,0.58269656
1497,5,5,0.56807,0.41331768,0.56807
1498,5,5,0.85104597,0.6391461,0.85104597
1499,5,5,0.60464066,0.38554204,0.60464066
1500,5,5,0.30345544,0.15843064,0.30345544
1501,5,5,0.46783283,0.28629506,0.46783283
1502,5,0,0.5485495,0.5179601,0.5485495
1503,5,5,0.5298843,0.504586,0.5298843
1504,5,5,0.22639875,0.11295217,0.22639875
1505,5,5,0.24816008,0.12120509,0.24816008
1506,5,5,0.25486714,0.13184935,0.25486714
1507,5,5,0.33255073,0.18105263,0.33255073
1508,5,5,0.6118066,0.54482424,0.6118066
1509,5,0,0.64664114,0.5426381,0.64664114
1510,5,0,0.55570096,0.5090451,0.55570096
1511,5,5,0.2568531,0.13704967,0.2568531
1512,5,5,0.32889304,0.22517306,0.32889304
1513,5,5,0.47043908,0.41863078,0.47043908
1514,5,5,0.51836276,0.40112287,0.51836276
1515,5,5,0.54454523,0.5717026,0.5717026
1516,5,0,0.13067311,0.057961166,0.13067311
1517,5,0,0.1377667,0.06402588,0.1377667
1518,5,0,0.1942864,0.10117364,0.1942864
1519,5,0,0.18351007,0.097676456,0.18351007
1520,5,0,0.21585083,0.110601604,0.21585083
1521,5,0,0.15413876,0.07021785,0.15413876
1522,5,0,0.21941662,0.1131196,0.21941662
1523,5,0,0.34219807,0.20362657,0.34219807
1524,5,0,0.38766104,0.23808259,0.38766104
1525,5,0,0.5103629,0.33227932,0.5103629
1526,5,0,0.59197587,0.47330004,0.59197587
1527,5,5,0.5430149,0.54740155,0.54740155
1528,5,0,0.5270481,0.52830577,0.52830577
1529,5,0,0.4692833,0.42702717,0.4692833
1530,5,5,0.51757073,0.49931204,0.51757073
1531,5,0,0.48189607,0.37067217,0.48189607
1532,5,0,0.4317793,0.2852726,0.4317793
1533,5,0,0.36268407,0.20982331,0.36268407
1534,5,0,0.4788756,0.3572542,0.4788756
1535,5,5,0.52461666,0.52953935,0.52953935
1536,5,0,0.31860724,0.19538444,0.31860724
1537,5,5,0.51465875,0.43838012,0.51465875
1538,5,5,0.47039083,0.33679503,0.47039083
1539,5,0,0.59774554,0.5689386,0.59774554
1540,5,0,0.56231767,0.49187326,0.56231767
1541,5,5,0.5653148,0.47526455,0.5653148
1542,5,0,0.35379452,0.2315008,0.35379452
1543,5,0,0.31785658,0.19379479,0.31785658
1544,5,0,0.48178545,0.42309463,0.48178545
1545,5,0,0.4737049,0.5437507,0.5437507
1546,5,0,0.3583529,0.24084193,0.3583529
1547,5,0,0.3676263,0.26847684,0.3676263
1548,5,0,0.4253217,0.3224002,0.4253217
1549,5,0,0.38991082,0.25277692,0.38991082
1550,5,0,0.37790975,0.22254413,0.37790975
1551,5,0,0.48802158,0.31317443,0.48802158
1552,5,0,0.37755975,0.20402354,0.37755975
1553,5,0,0.60607857,0.43201917,0.60607857
1554,5,0,0.56094515,0.42732537,0.56094515
1555,5,0,0.2619529,0.14337033,0.2619529
1556,5,0,0.21712251,0.11207664,0.21712251
1557,5,0,0.3306928,0.18967026,0.3306928
1558,5,0,0.6089588,0.453708,0.6089588
1559,5,0,0.2972929,0.16095954,0.2972929
1560,5,0,0.5361499,0.38688177,0.5361499
1561,5,0,0.50107723,0.3786037,0.50107723
1562,5,0,0.3513363,0.21076608,0.3513363
1563,5,0,0.23372635,0.12469858,0.23372635
1564,5,0,0.34072143,0.2068572,0.34072143
1565,5,0,0.17939356,0.08990604,0.17939356
1566,5,0,0.16548067,0.0777781,0.16548067
1567,5,0,0.16030852,0.07759619,0.16030852
1568,5,0,0.24017598,0.12893867,0.24017598
1569,5,0,0.2541776,0.14277917,0.2541776
1570,5,0,0.26005694,0.14165461,0.26005694
1571,5,0,0.3238054,0.19136482,0.3238054
1572,5,0,0.2415754,0.13200915,0.2415754
1573,5,0,0.22338156,0.1174922,0.22338156
1574,5,0,0.148017,0.06920183,0.148017
1575,5,0,0.17428002,0.08344942,0.17428002
1576,5,0,0.4385705,0.34996438,0.4385705
1577,5,0,0.109500885,0.04935062,0.109500885
1578,5,0,0.17773174,0.09405935,0.17773174
1579,5,0,0.15711403,0.07762313,0.15711403
1580,5,0,0.15219578,0.071805,0.15219578
1581,5,0,0.118058406,0.049219728,0.118058406
1582,5,0,0.16358563,0.07352978,0.16358563
1583,5,0,0.263625,0.14025277,0.263625
1584,5,0,0.4305382,0.26699585,0.4305382
1585,5,0,0.44410402,0.29070592,0.44410402
1586,5,5,0.6548932,0.59478736,0.6548932
1587,5,0,0.53102976,0.4342162,0.53102976
1588,5,0,0.44387388,0.28872144,0.44387388
1589,5,0,0.71407366,0.6363112,0.71407366
1590,5,0,0.78508234,0.6884173,0.78508234
1591,5,5,0.7635618,0.6939875,0.7635618
1592,5,0,0.7208863,0.53490233,0.7208863
1593,5,0,0.68531185,0.5004797,0.68531185
1594,5,5,0.658972,0.50600934,0.658972
1595,5,0,0.4397093,0.29650468,0.4397093
1596,5,0,0.48291242,0.3307662,0.48291242
1597,5,0,0.5922602,0.5400461,0.5922602
1598,5,5,0.60872084,0.4899888,0.60872084
1599,5,0,0.5850369,0.55526644,0.5850369
1600,5,0,0.49420378,0.38430893,0.49420378
1601,5,0,0.5181008,0.47963285,0.5181008
1602,5,0,0.45783973,0.35398847,0.45783973
1603,5,0,0.2007614,0.09552264,0.2007614
1604,5,0,0.2114319,0.10332292,0.2114319
1605,5,0,0.26477623,0.14066714,0.26477623
1606,5,0,0.19590174,0.09427476,0.19590174
1607,5,0,0.18551287,0.08584112,0.18551287
1608,5,0,0.24080604,0.123114526,0.24080604
1609,5,0,0.35680944,0.227507,0.35680944
1610,5,0,0.3954722,0.2581911,0.3954722
1611,5,0,0.5671769,0.60293883,0.60293883
1612,5,0,0.13582502,0.060213327,0.13582502
1613,5,0,0.31084886,0.18309945,0.31084886
1614,5,0,0.20960703,0.10653025,0.20960703
1615,5,0,0.21572208,0.114118636,0.21572208
1616,5,0,0.289961,0.17161441,0.289961
1617,5,0,0.17989178,0.09186643,0.17989178
1618,5,0,0.24903741,0.13565183,0.24903741
1619,5,0,0.22791205,0.12061089,0.22791205
1620,5,0,0.4426485,0.3185554,0.4426485
1621,5,0,0.28405762,0.16265655,0.28405762
1622,5,0,0.28023645,0.15735084,0.28023645
1623,5,0,0.33975333,0.21048605,0.33975333
1624,5,0,0.40150124,0.27738,0.40150124
1625,5,0,0.31666833,0.18316811,0.31666833
1626,5,0,0.4019844,0.23613733,0.4019844
1627,5,0,0.4119199,0.2575727,0.4119199
1628,5,0,0.24753919,0.13814986,0.24753919
1629,5,0,0.21531442,0.11391437,0.21531442
1630,5,0,0.43277654,0.26944298,0.43277654
1631,5,0,0.39055118,0.23804098,0.39055118
1632,5,0,0.4010927,0.2522639,0.4010927
1633,5,0,0.42375293,0.2726183,0.42375293
1634,5,0,0.5857288,0.4161244,0.5857288
1635,5,0,0.6404804,0.46964568,0.6404804
1636,5,5,0.76284754,0.6533792,0.76284754
1637,5,6,0.74360675,0.6009984,0.74360675
1638,5,6,0.6667192,0.4995917,0.6667192
1639,5,6,0.45470122,0.36360353,0.45470122
1640,5,6,0.28812984,0.19910622,0.28812984
1641,5,6,0.29745486,0.24949151,0.29745486
1642,5,6,0.23099864,0.17352247,0.23099864
1643,5,6,0.35151288,0.4761374,0.4761374
1644,5,6,0.3091872,0.30709398,0.3091872
1645,5,6,0.31098288,0.3148623,0.3148623
1646,5,6,0.3415963,0.42512298,0.42512298
1647,5,6,0.27007502,0.23242682,0.27007502
1648,5,6,0.30789232,0.28817612,0.30789232
1649,5,6,0.21264534,0.11498159,0.21264534
1650,5,6,0.17918117,0.091020405,0.17918117
1651,5,6,0.21032007,0.10375297,0.21032007
1652,5,6,0.15591042,0.07675815,0.15591042
1653,5,6,0.1410198,0.074869394,0.1410198
1654,5,6,0.20966502,0.13522375,0.20966502
1655,5,6,0.13368687,0.05504322,0.13368687
1656,5,6,0.26223394,0.13758475,0.26223394
1657,5,6,0.49314988,0.36160463,0.49314988
1658,5,5,0.44639963,0.3726045,0.44639963
1659,5,6,0.43439588,0.4730562,0.4730562
1660,5,6,0.36419797,0.19406098,0.36419797
1661,5,6,0.14410709,0.062226415,0.14410709
1662,5,6,0.2559423,0.20720375,0.2559423
1663,5,6,0.33653808,0.34362388,0.34362388
1664,5,6,0.2691064,0.18785113,0.2691064
1665,5,6,0.4023662,0.41403294,0.41403294
1666,5,6,0.45402345,0.40268254,0.45402345
1667,5,1,0.65972877,0.613573,0.65972877
1668,5,6,0.7020788,0.66304,0.7020788
1669,5,1,0.67318594,0.6341489,0.67318594
1670,5,6,0.5438329,0.5270332,0.5438329
1671,5,1,0.38059244,0.41142195,0.41142195
1672,5,6,0.42708778,0.3259037,0.42708778
1673,5,6,0.40297335,0.40714878,0.40714878
1674,5,6,0.42775816,0.36404252,0.42775816
1675,5,6,0.39694065,0.351458,0.39694065
1676,5,6,0.38263446,0.29710716,0.38263446
1677,5,6,0.36422974,0.3374248,0.36422974
1678,5,6,0.37033543,0.36935014,0.37033543
1679,5,6,0.35028198,0.41098797,0.41098797
1680,5,6,0.3366236,0.3196407,0.3366236
1681,5,6,0.45257333,0.43178773,0.45257333
1682,5,6,0.45378774,0.43939954,0.45378774
1683,5,6,0.46305546,0.3361978,0.46305546
1684,5,6,0.6301555,0.39188504,0.6301555
1685,5,6,0.5467408,0.34548128,0.5467408
1686,5,6,0.4929118,0.3537265,0.4929118
1687,5,6,0.5942362,0.4852149,0.5942362
1688,5,6,0.66591674,0.5935373,0.66591674
1689,5,6,0.7754883,0.6617265,0.7754883
1690,5,6,0.8054516,0.7014285,0.8054516
1691,5,6,0.7498186,0.6001119,0.7498186
1692,5,6,0.66974586,0.45389622,0.66974586
1693,5,6,0.6492742,0.43675405,0.6492742
1694,5,6,0.70614386,0.5305518,0.70614386
1695,5,6,0.58852106,0.5191012,0.58852106
1696,5,6,0.6847949,0.48401028,0.6847949
1697,5,6,0.8231295,0.5980575,0.8231295
1698,5,6,0.87500775,0.6845856,0.87500775
1699,5,6,0.8168873,0.6460004,0.8168873
1700,5,5,0.8716334,0.624926,0.8716334
1701,5,5,0.7727942,0.5010433,0.7727942
1702,5,5,0.82846165,0.56474656,0.82846165
1703,5,5,0.8439474,0.63968086,0.8439474
1704,5,4,0.8635202,0.7198532,0.8635202
1705,6,3,0.7175611,0.5146752,0.7175611
1706,6,3,0.62358606,0.3953538,0.62358606
1707,6,3,0.8195792,0.64548624,0.8195792
1708,6,5,0.8409672,0.68928546,0.8409672
1709,6,5,0.7637477,0.6000334,0.7637477
1710,6,3,0.8068001,0.5834292,0.8068001
1711,6,3,0.76745903,0.6458621,0.76745903
1712,6,5,0.685973,0.52810466,0.685973
1713,6,3,0.7452552,0.62563944,0.7452552
1714,6,3,0.66202617,0.49359107,0.66202617
1715,6,5,0.78542185,0.7278292,0.78542185
1716,6,3,0.26659083,0.12424129,0.26659083
1717,6,3,0.5362293,0.31807506,0.5362293
1718,6,3,0.79029626,0.5967751,0.79029626
1719,6,3,0.65675974,0.44428945,0.65675974
1720,6,3,0.7362159,0.63315463,0.7362159
1721,6,3,0.76992446,0.6147206,0.76992446
1722,6,3,0.8300276,0.7151569,0.8300276
1723,6,3,0.77402765,0.60227096,0.77402765
1724,6,3,0.7483979,0.6721848,0.7483979
1725,6,2,0.6954049,0.63295615,0.6954049
1726,6,5,0.66124946,0.60597855,0.66124946
1727,6,5,0.6509184,0.6014971,0.6509184
1728,6,5,0.6082898,0.50089157,0.6082898
1729,6,5,0.54406554,0.45894206,0.54406554
1730,6,5,0.5334358,0.44960922,0.5334358
1731,6,5,0.6325911,0.5697612,0.6325911
1732,6,5,0.66652656,0.598788,0.66652656
1733,6,6,0.60684204,0.50752485,0.60684204
1734,6,6,0.62618124,0.61221933,0.62618124
1735,6,6,0.5114456,0.39196658,0.5114456
1736,6,6,0.5993652,0.46071243,0.5993652
1737,6,3,0.6422833,0.64664304,0.64664304
1738,6,6,0.48001018,0.43641812,0.48001018
1739,6,1,0.6316681,0.5277424,0.6316681
1740,6,6,0.62829256,0.6482624,0.6482624
1741,6,3,0.5536028,0.3753118,0.5536028
1742,6,3,0.44933498,0.2999894,0.44933498
1743,6,3,0.6152031,0.5642189,0.6152031
1744,6,6,0.67121196,0.48048478,0.67121196
1745,6,6,0.52544487,0.33759063,0.52544487
1746,6,6,0.29822788,0.18351209,0.29822788
1747,6,6,0.32541856,0.20139062,0.32541856
1748,6,6,0.24894276,0.12972224,0.24894276
1749,6,6,0.2117807,0.11332899,0.2117807
1750,6,6,0.5079048,0.44952118,0.5079048
1751,6,6,0.51832485,0.48750138,0.51832485
1752,6,2,0.6656463,0.5216744,0.6656463
1753,6,2,0.5249459,0.53160083,0.53160083
1754,6,6,0.59359103,0.6052607,0.6052607
1755,6,2,0.5249555,0.39965928,0.5249555
1756,6,2,0.5473864,0.40837806,0.5473864
1757,6,2,0.51693493,0.38027924,0.51693493
1758,6,2,0.55081683,0.42032456,0.55081683
1759,6,2,0.61909825,0.63269746,0.63269746
1760,6,3,0.43501648,0.33705556,0.43501648
1761,6,6,0.5873524,0.5139923,0.5873524
1762,6,6,0.45667556,0.35910112,0.45667556
1763,6,2,0.50915366,0.508063,0.50915366
1764,6,4,0.39995596,0.40226007,0.40226007
1765,6,4,0.45170942,0.47390473,0.47390473
1766,6,4,0.4816003,0.42343724,0.4816003
1767,6,4,0.588284,0.63360274,0.63360274
1768,6,2,0.6054093,0.6115508,0.6115508
1769,6,2,0.42099497,0.2753957,0.42099497
1770,6,6,0.55312777,0.5484189,0.55312777
1771,6,2,0.55956906,0.5339909,0.55956906
1772,6,2,0.44960546,0.43850958,0.44960546
1773,6,2,0.6309173,0.56280917,0.6309173
1774,6,2,0.52770907,0.41151392,0.52770907
1775,6,3,0.6256495,0.5349504,0.6256495
1776,6,3,0.63233644,0.5445649,0.63233644
1777,6,3,0.60931164,0.51254,0.60931164
1778,6,3,0.4430189,0.34350258,0.4430189
1779,6,1,0.47750083,0.38340575,0.47750083
1780,6,1,0.45867962,0.4015299,0.45867962
1781,6,1,0.4067816,0.3741318,0.4067816
1782,6,3,0.20636904,0.11304569,0.20636904
1783,6,3,0.1303257,0.057892203,0.1303257
1784,6,3,0.17402928,0.077219844,0.17402928
1785,6,1,0.5616638,0.5688111,0.5688111
1786,6,6,0.41653404,0.4063602,0.41653404
1787,6,6,0.3740806,0.42878795,0.42878795
1788,6,6,0.26643494,0.15229088,0.26643494
1789,6,6,0.39815933,0.2846101,0.39815933
1790,6,6,0.41125625,0.32734042,0.41125625
1791,6,6,0.55914485,0.48700005,0.55914485
1792,6,6,0.32026437,0.21966714,0.32026437
1793,6,6,0.2166637,0.13593203,0.2166637
1794,6,1,0.41494146,0.48087293,0.48087293
1795,6,1,0.38077995,0.45010817,0.45010817
1796,6,6,0.3189846,0.24773055,0.3189846
1797,6,6,0.35010785,0.32252204,0.35010785
1798,6,6,0.30976027,0.2659005,0.30976027
1799,6,6,0.39733025,0.27612704,0.39733025
1800,6,6,0.29870772,0.22059977,0.29870772
1801,6,6,0.29705644,0.20443654,0.29705644
1802,6,1,0.45311558,0.43195146,0.45311558
1803,6,1,0.3830472,0.301157,0.3830472
1804,6,1,0.16401966,0.08637655,0.16401966
1805,6,1,0.3091817,0.20482755,0.3091817
1806,6,1,0.17764433,0.103381276,0.17764433
1807,6,1,0.3510292,0.47884166,0.47884166
1808,6,6,0.33997345,0.43734753,0.43734753
1809,6,1,0.31157863,0.32055134,0.32055134
1810,6,1,0.27705085,0.20063919,0.27705085
1811,6,6,0.35201883,0.31079227,0.35201883
1812,6,1,0.3668171,0.46750855,0.46750855
1813,6,1,0.3468878,0.3891769,0.3891769
1814,6,1,0.30978516,0.31356728,0.31356728
1815,6,1,0.3115684,0.3209371,0.3209371
1816,6,1,0.29348886,0.28261077,0.29348886
1817,6,1,0.30108216,0.30525297,0.30525297
1818,6,1,0.30435282,0.31739026,0.31739026
1819,6,1,0.32678273,0.37614924,0.37614924
1820,6,1,0.342237,0.3868857,0.3868857
1821,6,1,0.3466329,0.39386654,0.39386654
1822,6,1,0.36170572,0.46098214,0.46098214
1823,6,1,0.34282002,0.25837094,0.34282002
1824,6,1,0.38875574,0.39991182,0.39991182
1825,6,1,0.40960908,0.36912805,0.40960908
1826,6,1,0.3372614,0.40394664,0.40394664
1827,6,1,0.32440972,0.2732132,0.32440972
1828,6,1,0.38895586,0.32017684,0.38895586
1829,6,6,0.3656769,0.5042391,0.5042391
1830,6,6,0.3801269,0.4232744,0.4232744
1831,6,1,0.31306946,0.2686928,0.31306946
1832,6,6,0.3633724,0.45249712,0.45249712
1833,6,1,0.26642096,0.20206612,0.26642096
1834,6,6,0.36278066,0.48263532,0.48263532
1835,6,1,0.35209104,0.40172756,0.40172756
1836,6,6,0.35798573,0.47479194,0.47479194
1837,6,6,0.32489398,0.34961092,0.34961092
1838,6,6,0.3001143,0.28645498,0.3001143
1839,6,6,0.31707546,0.32114863,0.32114863
1840,6,6,0.29314953,0.28358823,0.29314953
1841,6,6,0.20222093,0.13967723,0.20222093
1842,6,6,0.25928122,0.18090624,0.25928122
1843,6,6,0.32039398,0.22644156,0.32039398
1844,6,6,0.35319325,0.24971104,0.35319325
1845,6,6,0.26479495,0.19450074,0.26479495
1846,6,6,0.3159256,0.30545157,0.3159256
1847,6,6,0.2940676,0.27947372,0.2940676
1848,6,6,0.29641274,0.2933343,0.29641274
1849,6,6,0.3297318,0.35236472,0.35236472
1850,6,6,0.11540119,0.053030193,0.11540119
1851,6,6,0.2263146,0.13247669,0.2263146
1852,6,6,0.22612739,0.14163005,0.22612739
1853,6,6,0.33929512,0.32485604,0.33929512
1854,6,6,0.3278514,0.30953985,0.3278514
1855,6,6,0.3121859,0.30250627,0.3121859
1856,6,6,0.20876624,0.13317412,0.20876624
1857,6,6,0.3914267,0.45857036,0.45857036
1858,6,6,0.3570348,0.42539567,0.42539567
1859,6,6,0.31224442,0.3094197,0.31224442
1860,6,6,0.32364556,0.32542425,0.32542425
1861,6,6,0.24276136,0.18841457,0.24276136
1862,6,6,0.22000936,0.15038908,0.22000936
1863,6,6,0.21289133,0.11931485,0.21289133
1864,6,6,0.1873863,0.10403919,0.1873863
1865,6,6,0.09572057,0.045464396,0.09572057
1866,6,6,0.22697517,0.16885334,0.22697517
1867,6,6,0.23903203,0.1813513,0.23903203
1868,6,6,0.2221749,0.16241348,0.2221749
1869,6,6,0.29486382,0.26985443,0.29486382
1870,6,6,0.37861958,0.4294129,0.4294129
1871,6,6,0.25728554,0.19547117,0.25728554
1872,6,6,0.27142677,0.20175517,0.27142677
1873,6,6,0.2555016,0.21200311,0.2555016
1874,6,6,0.20877665,0.1472041,0.20877665
1875,6,6,0.3419798,0.40537405,0.40537405
1876,6,6,0.31765717,0.31027478,0.31765717
1877,6,6,0.28338253,0.23709774,0.28338253
1878,6,6,0.09317083,0.044504642,0.09317083
1879,6,6,0.32522315,0.31888223,0.32522315
1880,6,6,0.27492115,0.22446525,0.27492115
1881,6,6,0.12745756,0.06503844,0.12745756
1882,6,6,0.23376444,0.17223924,0.23376444
1883,6,6,0.29472327,0.27993047,0.29472327
1884,6,6,0.32093573,0.35640556,0.35640556
1885,6,6,0.113340735,0.060666263,0.113340735
1886,6,6,0.119457684,0.059718907,0.119457684
1887,6,6,0.14956611,0.079955816,0.14956611
1888,6,6,0.08268334,0.03377366,0.08268334
1889,6,6,0.28266358,0.2148267,0.28266358
1890,6,6,0.32396019,0.30322838,0.32396019
1891,6,6,0.3567334,0.4251063,0.4251063
1892,6,1,0.36016703,0.50478655,0.50478655
1893,6,6,0.32139707,0.37666094,0.37666094
1894,6,6,0.32647187,0.3750779,0.3750779
1895,6,6,0.32778585,0.37120926,0.37120926
1896,6,6,0.2992793,0.28932858,0.2992793
1897,6,6,0.33045244,0.3737676,0.3737676
1898,6,6,0.3166576,0.35689896,0.35689896
1899,6,6,0.27309126,0.21996087,0.27309126
1900,6,6,0.26716816,0.20647216,0.26716816
1901,6,6,0.2353869,0.14503646,0.2353869
1902,6,6,0.26246363,0.15211493,0.26246363
1903,6,6,0.23638976,0.12764084,0.23638976
1904,6,6,0.36842346,0.34524763,0.36842346
1905,6,6,0.29066318,0.25211954,0.29066318
1906,6,6,0.2144359,0.14611638,0.2144359
1907,6,6,0.20139445,0.1400662,0.20139445
1908,6,6,0.29791495,0.29440475,0.29791495
1909,6,6,0.25090894,0.1950075,0.25090894
1910,6,6,0.16050272,0.09076685,0.16050272
1911,6,6,0.22870488,0.16516525,0.22870488
1912,6,6,0.26744097,0.23027432,0.26744097
1913,6,6,0.21531752,0.14670384,0.21531752
1914,6,6,0.34437048,0.40489465,0.40489465
1915,6,1,0.3535674,0.48229295,0.48229295
1916,6,1,0.35126,0.46929199,0.46929199
1917,6,6,0.3468689,0.4283247,0.4283247
1918,6,6,0.29123282,0.25165915,0.29123282
1919,6,6,0.3295143,0.32732606,0.3295143
1920,6,6,0.20965184,0.12370676,0.20965184
1921,6,6,0.36084282,0.2940725,0.36084282
1922,6,6,0.29468545,0.19302642,0.29468545
1923,6,3,0.6575651,0.5129509,0.6575651
1924,6,5,0.70910174,0.5786071,0.70910174
1925,6,6,0.8161241,0.74884725,0.8161241
1926,6,2,0.700677,0.5748302,0.700677
1927,6,2,0.4650295,0.29468608,0.4650295
1928,6,2,0.39551395,0.37523186,0.39551395
1929,6,2,0.53032243,0.5623809,0.5623809
1930,6,2,0.5514308,0.5537961,0.5537961
1931,6,3,0.4979078,0.49137175,0.4979078
1932,6,3,0.40103564,0.35292792,0.40103564
1933,6,2,0.6348664,0.53769124,0.6348664
1934,6,6,0.6464176,0.5907985,0.6464176
1935,6,6,0.67721814,0.58532435,0.67721814
1936,6,6,0.30700126,0.16330606,0.30700126
1937,6,6,0.13381563,0.04995078,0.13381563
1938,6,6,0.14097616,0.057611287,0.14097616
1939,6,6,0.066627555,0.023595095,0.066627555
1940,6,6,0.112445086,0.045749962,0.112445086
1941,6,6,0.5054757,0.3912742,0.5054757
1942,6,5,0.5653475,0.5772528,0.5772528
1943,6,6,0.29006478,0.17910683,0.29006478
1944,6,6,0.119866446,0.046144485,0.119866446
1945,6,6,0.49170253,0.3797037,0.49170253
1946,6,6,0.44722506,0.3556168,0.44722506
1947,6,6,0.44460565,0.2791868,0.44460565
1948,6,6,0.403207,0.23604178,0.403207
1949,6,6,0.6278371,0.46625948,0.6278371
1950,6,6,0.5947355,0.42345566,0.5947355
1951,6,5,0.43935072,0.2954138,0.43935072
1952,6,5,0.3418541,0.17527854,0.3418541
1953,6,5,0.5265171,0.34395188,0.5265171
1954,6,5,0.36102048,0.21876657,0.36102048
1955,6,2,0.6780981,0.67972714,0.67972714
1956,6,5,0.48355633,0.33264303,0.48355633
1957,6,5,0.4653115,0.29836124,0.4653115
1958,6,5,0.61150295,0.47336262,0.61150295
1959,6,5,0.40590805,0.23364377,0.40590805
1960,6,6,0.48262167,0.47344142,0.48262167
1961,6,5,0.5191832,0.521966,0.521966
1962,6,6,0.32606447,0.17095745,0.32606447
1963,6,6,0.49369106,0.32419717,0.49369106
1964,6,6,0.30714366,0.15726203,0.30714366
1965,6,6,0.3871326,0.24199092,0.3871326
1966,6,6,0.407869,0.25164568,0.407869
1967,6,5,0.6142103,0.5962186,0.6142103
1968,6,5,0.48321915,0.3165279,0.48321915
1969,6,5,0.38205692,0.28274924,0.38205692
1970,6,5,0.30333525,0.1746003,0.30333525
1971,6,5,0.4340366,0.30585855,0.4340366
1972,6,5,0.37879494,0.22829574,0.37879494
1973,6,5,0.62178713,0.5598054,0.62178713
1974,6,2,0.83177346,0.7412361,0.83177346
1975,6,3,0.6232314,0.5429596,0.6232314
1976,6,3,0.76739246,0.5524986,0.76739246
1977,6,3,0.55553555,0.34768587,0.55553555
1978,6,3,0.73451453,0.63919353,0.73451453
1979,6,3,0.6960482,0.4867552,0.6960482
1980,6,3,0.85872406,0.6788106,0.85872406
1981,6,3,0.8273994,0.7208272,0.8273994
1982,6,6,0.5503157,0.35230315,0.5503157
1983,6,6,0.27648896,0.20900601,0.27648896
1984,6,6,0.16716576,0.08846855,0.16716576
1985,6,6,0.20230617,0.13475466,0.20230617
1986,6,6,0.20353267,0.12565356,0.20353267
1987,6,6,0.27751985,0.22755021,0.27751985
1988,6,6,0.344255,0.38965648,0.38965648
1989,6,6,0.34650487,0.43098325,0.43098325
1990,6,1,0.33665293,0.3692754,0.3692754
1991,6,1,0.23703313,0.1569677,0.23703313
1992,6,1,0.35294467,0.30650645,0.35294467
1993,6,1,0.30456182,0.28632694,0.30456182
1994,6,1,0.33729696,0.23850536,0.33729696
1995,6,3,0.47919235,0.40791804,0.47919235
1996,6,1,0.59201914,0.5597832,0.59201914
1997,6,3,0.5566072,0.44989055,0.5566072
1998,6,1,0.47595063,0.34697104,0.47595063
1999,6,1,0.21449244,0.13569921,0.21449244
2000,6,1,0.30731276,0.32259655,0.32259655
2001,6,6,0.3369237,0.47259277,0.47259277
2002,6,6,0.3489629,0.49018228,0.49018228
2003,6,6,0.352099,0.3625117,0.3625117
2004,6,1,0.35313833,0.48904663,0.48904663
2005,6,1,0.28116366,0.25676513,0.28116366
2006,6,1,0.24415423,0.19953656,0.24415423
2007,6,1,0.22278948,0.1722011,0.22278948
2008,6,1,0.2329241,0.18596935,0.2329241
2009,6,1,0.3086016,0.32559568,0.32559568
2010,6,1,0.32607263,0.3357991,0.3357991
2011,6,1,0.3268517,0.35384876,0.35384876
2012,7,0,0.22880985,0.1157518,0.22880985
2013,7,0,0.25570226,0.1370045,0.25570226
2014,7,0,0.4519859,0.31276482,0.4519859
2015,7,0,0.4698366,0.29148126,0.4698366
2016,7,0,0.5821532,0.3846562,0.5821532
2017,7,5,0.6860651,0.5642923,0.6860651
2018,7,5,0.7418077,0.56973624,0.7418077
2019,7,5,0.7840878,0.6561151,0.7840878
2020,7,6,0.7948959,0.71081305,0.7948959
2021,7,6,0.74499583,0.5995245,0.74499583
2022,7,6,0.5692051,0.5066506,0.5692051
2023,7,6,0.3964814,0.36368257,0.3964814
2024,7,6,0.51456237,0.34304583,0.51456237
2025,7,6,0.55559295,0.3503645,0.55559295
2026,7,6,0.81157005,0.62902963,0.81157005
2027,7,6,0.83475804,0.7044515,0.83475804
2028,7,6,0.83122045,0.63384175,0.83122045
2029,7,5,0.85428554,0.71843696,0.85428554
2030,7,5,0.864113,0.7180234,0.864113
2031,7,5,0.89910156,0.7348212,0.89910156
2032,7,5,0.8919372,0.7180879,0.8919372
2033,7,6,0.87895936,0.68790996,0.87895936
2034,7,6,0.7968141,0.5722293,0.7968141
2035,7,6,0.9138707,0.6961885,0.9138707
2036,7,7,0.93812615,0.78678244,0.93812615
2037,7,6,0.9609035,0.76865065,0.9609035
2038,7,6,0.9402717,0.75195795,0.9402717
2039,7,5,0.82747114,0.605105,0.82747114
2040,7,5,0.61303574,0.38449615,0.61303574
2041,7,5,0.8248236,0.60962605,0.8248236
2042,7,5,0.63973314,0.3954494,0.63973314
2043,7,5,0.8703729,0.70837677,0.8703729
2044,7,5,0.68137074,0.5124117,0.68137074
2045,7,5,0.5316195,0.34836102,0.5316195
2046,7,5,0.55761963,0.4162302,0.55761963
2047,7,6,0.6833833,0.62139267,0.6833833
2048,7,5,0.5749398,0.48026884,0.5749398
2049,7,6,0.42125794,0.2533831,0.42125794
2050,7,6,0.33195165,0.20181334,0.33195165
2051,7,6,0.29519933,0.14507532,0.29519933
2052,7,6,0.33314425,0.17032313,0.33314425
2053,7,6,0.27703395,0.13319576,0.27703395
2054,7,6,0.6373163,0.45953506,0.6373163
2055,7,6,0.5385666,0.3419174,0.5385666
2056,7,6,0.69742286,0.56180155,0.69742286
2057,7,5,0.62115514,0.45357007,0.62115514
2058,7,7,0.78999037,0.6675241,0.78999037
2059,7,5,0.7945943,0.6960087,0.7945943
2060,7,6,0.67180943,0.5431485,0.67180943
2061,7,5,0.60548073,0.54008234,0.60548073
2062,7,5,0.5448237,0.33389407,0.5448237
2063,7,5,0.48467222,0.28773403,0.48467222
2064,7,5,0.7051699,0.49130678,0.7051699
2065,7,5,0.6961483,0.6092009,0.6961483
2066,7,6,0.3586214,0.18402082,0.3586214
2067,7,6,0.4517999,0.26360774,0.4517999
2068,7,6,0.53190875,0.45910382,0.53190875
2069,7,6,0.5753253,0.5046269,0.5753253
2070,7,5,0.44261068,0.3235913,0.44261068
2071,7,5,0.5260007,0.32935333,0.5260007
2072,7,5,0.46545467,0.25741607,0.46545467
2073,7,5,0.5350788,0.3003863,0.5350788
2074,7,5,0.45523927,0.24577433,0.45523927
2075,7,5,0.57622135,0.37990153,0.57622135
2076,7,6,0.6138683,0.42992026,0.6138683
2077,7,6,0.39481932,0.2227565,0.39481932
2078,7,6,0.34004048,0.20910037,0.34004048
2079,7,6,0.45916644,0.3617553,0.45916644
2080,7,6,0.4301178,0.33547843,0.4301178
2081,7,6,0.632083,0.49034888,0.632083
2082,7,6,0.6202405,0.48704082,0.6202405
2083,7,1,0.6678419,0.6360258,0.6678419
2084,7,6,0.4891968,0.51929355,0.51929355
2085,7,1,0.50405604,0.5081825,0.5081825
2086,7,1,0.5117187,0.46144837,0.5117187
2087,7,1,0.4719762,0.4293506,0.4719762
2088,7,1,0.5385379,0.46220237,0.5385379
2089,7,0,0.6958292,0.56102186,0.6958292
2090,7,0,0.48703337,0.28908378,0.48703337
2091,7,0,0.54089516,0.35397494,0.54089516
2092,7,6,0.581546,0.37855023,0.581546
2093,7,6,0.7175399,0.5488055,0.7175399
2094,7,6,0.5069951,0.31679255,0.5069951
2095,7,6,0.60167444,0.40135032,0.60167444
2096,7,0,0.68862057,0.5518073,0.68862057
2097,7,0,0.6544607,0.5147789,0.6544607
2098,7,0,0.4849694,0.29779,0.4849694
2099,7,0,0.27803987,0.13190109,0.27803987
2100,7,0,0.4827709,0.30489272,0.4827709
2101,7,6,0.6485954,0.60817873,0.6485954
2102,7,0,0.61326313,0.58753335,0.61326313
2103,7,0,0.71090096,0.64866114,0.71090096
2104,7,6,0.49244177,0.34126866,0.49244177
2105,7,6,0.5038076,0.3343026,0.5038076
2106,7,6,0.36087,0.20680636,0.36087
2107,7,6,0.2574223,0.17338467,0.2574223
2108,7,6,0.2364626,0.17594838,0.2364626
2109,7,6,0.1762462,0.09308863,0.1762462
2110,7,6,0.19094297,0.105051994,0.19094297
2111,7,6,0.25232854,0.14231348,0.25232854
2112,7,6,0.2715696,0.14959359,0.2715696
2113,7,6,0.46441284,0.2880091,0.46441284
2114,7,6,0.7523936,0.6352613,0.7523936
2115,7,6,0.77038693,0.6397246,0.77038693
2116,7,6,0.8206455,0.6732183,0.8206455
2117,7,0,0.7523704,0.6396811,0.7523704
2118,7,0,0.5323289,0.3556884,0.5323289
2119,7,0,0.56611645,0.38283622,0.56611645
2120,7,0,0.64769334,0.53047144,0.64769334
2121,7,0,0.71920115,0.6401529,0.71920115
2122,7,0,0.4527069,0.2680055,0.4527069
2123,7,0,0.59673184,0.4026736,0.59673184
2124,7,0,0.39789662,0.23811913,0.39789662
2125,7,0,0.31740317,0.18471438,0.31740317
2126,7,0,0.24174108,0.1291762,0.24174108
2127,7,0,0.21904837,0.10712129,0.21904837
2128,7,0,0.31764793,0.16044068,0.31764793
2129,7,0,0.21251945,0.097335935,0.21251945
2130,7,0,0.14507584,0.062175453,0.14507584
2131,7,0,0.3115185,0.16799724,0.3115185
2132,7,0,0.35092488,0.1984182,0.35092488
2133,7,5,0.65657055,0.5501754,0.65657055
2134,7,0,0.68901867,0.56329644,0.68901867
2135,7,5,0.624069,0.49000323,0.624069
2136,7,7,0.6277511,0.59558696,0.6277511
2137,7,0,0.55682224,0.4048403,0.55682224
2138,7,0,0.23526663,0.11910373,0.23526663
2139,7,0,0.16992408,0.07945311,0.16992408
2140,7,0,0.16802026,0.0822885,0.16802026
2141,7,0,0.6492078,0.4662534,0.6492078
2142,7,0,0.7240759,0.5880211,0.7240759
2143,7,0,0.6591755,0.5871664,0.6591755
2144,7,0,0.6394633,0.5224395,0.6394633
2145,7,0,0.61123055,0.44825107,0.61123055
2146,7,0,0.58489335,0.36741763,0.58489335
2147,7,0,0.5838222,0.4834484,0.5838222
2148,7,0,0.41133085,0.24085921,0.41133085
2149,7,0,0.23373795,0.11279422,0.23373795
2150,7,0,0.38137084,0.21756434,0.38137084
2151,7,0,0.48918515,0.33757,0.48918515
2152,7,0,0.5249603,0.34554505,0.5249603
2153,7,0,0.34161803,0.18731838,0.34161803
2154,7,0,0.34694204,0.18705666,0.34694204
2155,7,0,0.25973073,0.13525659,0.25973073
2156,7,0,0.30830514,0.16461408,0.30830514
2157,7,0,0.3421789,0.17496204,0.3421789
2158,7,0,0.21145809,0.10409391,0.21145809
2159,7,0,0.50300384,0.31442988,0.50300384
2160,7,0,0.6563687,0.49544036,0.6563687
2161,7,0,0.7965021,0.68306303,0.7965021
2162,7,0,0.6060618,0.48432076,0.6060618
2163,7,0,0.3285459,0.19515526,0.3285459
2164,7,0,0.47520894,0.29993844,0.47520894
2165,7,0,0.24725333,0.13577896,0.24725333
2166,7,0,0.25273883,0.15141451,0.25273883
2167,7,0,0.2368175,0.12545031,0.2368175
2168,7,0,0.25097716,0.12908047,0.25097716
2169,7,0,0.3471674,0.19726813,0.3471674
2170,7,0,0.3055367,0.16700572,0.3055367
2171,7,0,0.1640106,0.07673991,0.1640106
2172,7,0,0.13018782,0.058704615,0.13018782
2173,7,0,0.10781439,0.04632902,0.10781439
2174,7,0,0.22147103,0.116621494,0.22147103
2175,7,0,0.11555144,0.046616495,0.11555144
2176,7,0,0.3693223,0.21016645,0.3693223
2177,7,0,0.37415254,0.23744994,0.37415254
2178,7,5,0.56543505,0.5000528,0.56543505
2179,7,5,0.47162786,0.53561723,0.53561723
2180,7,5,0.49610212,0.39326698,0.49610212
2181,7,0,0.7687406,0.7200957,0.7687406
2182,7,0,0.73489606,0.6818664,0.73489606
2183,7,6,0.76199496,0.7257831,0.76199496
2184,7,0,0.6669307,0.49047756,0.6669307
2185,7,0,0.70004207,0.52359974,0.70004207
2186,7,7,0.68359035,0.57957387,0.68359035
2187,7,0,0.37169027,0.23441231,0.37169027
2188,7,0,0.10399182,0.043466687,0.10399182
2189,7,0,0.27745733,0.13404143,0.27745733
2190,7,0,0.33644402,0.17095959,0.33644402
2191,7,0,0.63673455,0.5407034,0.63673455
2192,7,0,0.7905374,0.7285343,0.7905374
2193,7,5,0.6746311,0.52570224,0.6746311
2194,7,5,0.724474,0.6444493,0.724474
2195,7,5,0.74727935,0.65285563,0.74727935
2196,7,0,0.7291528,0.57210135,0.7291528
2197,7,0,0.4980788,0.31466728,0.4980788
2198,7,0,0.35995516,0.20395702,0.35995516
2199,7,0,0.5099238,0.34811354,0.5099238
2200,7,0,0.49937388,0.31228614,0.49937388
2201,7,0,0.5774545,0.40391034,0.5774545
2202,7,0,0.6666996,0.5020925,0.6666996
2203,7,0,0.6379568,0.44648844,0.6379568
2204,7,0,0.40342686,0.23379141,0.40342686
2205,7,0,0.3473259,0.19173485,0.3473259
2206,7,0,0.3782554,0.22420812,0.3782554
2207,7,0,0.41494772,0.28100723,0.41494772
2208,7,0,0.27108976,0.15492451,0.27108976
2209,7,0,0.3281292,0.19498986,0.3281292
2210,7,0,0.43062818,0.2843547,0.43062818
2211,7,0,0.3969359,0.26233035,0.3969359
2212,7,0,0.32251757,0.18701577,0.32251757
2213,7,0,0.25860238,0.13862634,0.25860238
2214,7,0,0.5893171,0.5115969,0.5893171
2215,7,0,0.54552764,0.3847931,0.54552764
2216,7,0,0.25090697,0.13005483,0.25090697
2217,7,0,0.25556993,0.14119703,0.25556993
2218,7,0,0.39956987,0.2566433,0.39956987
2219,7,0,0.19443291,0.09245628,0.19443291
2220,7,0,0.2945341,0.15914589,0.2945341
2221,7,0,0.5616384,0.5403865,0.5616384
2222,7,5,0.5378293,0.43555993,0.5378293
2223,7,0,0.48672694,0.3578171,0.48672694
2224,7,5,0.5898017,0.44935286,0.5898017
2225,7,0,0.63688517,0.5466591,0.63688517
2226,7,0,0.49791935,0.33251202,0.49791935
2227,7,0,0.3720765,0.2236206,0.3720765
2228,7,0,0.512952,0.33332056,0.512952
2229,7,0,0.2869339,0.15407997,0.2869339
2230,7,0,0.3560301,0.21224898,0.3560301
2231,7,0,0.14787471,0.06813353,0.14787471
2232,7,0,0.21568097,0.11117959,0.21568097
2233,7,0,0.2593568,0.13963479,0.2593568
2234,7,0,0.22406353,0.11918235,0.22406353
2235,7,0,0.5536252,0.5278126,0.5536252
2236,7,0,0.498147,0.47929066,0.498147
2237,7,5,0.5035496,0.45945138,0.5035496
2238,7,5,0.37353334,0.2213313,0.37353334
2239,7,0,0.5648398,0.5533414,0.5648398
2240,7,0,0.45658138,0.29886872,0.45658138
2241,7,0,0.42001185,0.27105558,0.42001185
2242,7,0,0.48369798,0.32389027,0.48369798
2243,7,0,0.2674206,0.14144385,0.2674206
2244,7,0,0.2858566,0.15778399,0.2858566
2245,7,0,0.24314184,0.12993944,0.24314184
2246,7,5,0.30110225,0.17255926,0.30110225
2247,7,5,0.074999146,0.028954685,0.074999146
2248,7,5,0.08653956,0.03235829,0.08653956
2249,7,5,0.06659548,0.024888515,0.06659548
2250,7,5,0.05390868,0.01921177,0.05390868
2251,7,5,0.06264543,0.0250687,0.06264543
2252,7,5,0.031772133,0.010908604,0.031772133
2253,7,5,0.05049058,0.020076215,0.05049058
2254,7,5,0.07875827,0.03265232,0.07875827
2255,7,5,0.20593178,0.114905775,0.20593178
2256,7,5,0.59717596,0.50214815,0.59717596
2257,7,5,0.54726726,0.43199533,0.54726726
2258,7,5,0.6053695,0.4540257,0.6053695
2259,7,5,0.6696641,0.5481489,0.6696641
2260,7,5,0.55206674,0.39814568,0.55206674
2261,7,5,0.32113788,0.19106776,0.32113788
2262,7,5,0.28315902,0.14189208,0.28315902
2263,7,5,0.4385799,0.24795741,0.4385799
2264,7,5,0.20957576,0.12355763,0.20957576
2265,7,5,0.219343,0.13105446,0.219343
2266,7,5,0.28922316,0.17427242,0.28922316
2267,7,5,0.29346734,0.21819001,0.29346734
2268,7,5,0.37021983,0.3377813,0.37021983
2269,7,7,0.5585774,0.5539609,0.5585774
2270,7,5,0.47240153,0.32644182,0.47240153
2271,7,5,0.60889673,0.42630196,0.60889673
2272,7,5,0.65252143,0.48158938,0.65252143
2273,7,5,0.7208743,0.49504137,0.7208743
2274,7,5,0.7508243,0.5835456,0.7508243
2275,7,5,0.89006156,0.7376796,0.89006156
2276,7,5,0.75530875,0.5381822,0.75530875
2277,7,6,0.8382624,0.733571,0.8382624
2278,7,6,0.84751385,0.6921886,0.84751385
2279,7,6,0.76364976,0.70764506,0.76364976
2280,7,7,0.77370465,0.5578066,0.77370465
2281,7,7,0.7734931,0.55985856,0.7734931
2282,7,7,0.47570318,0.24997407,0.47570318
2283,7,7,0.58910453,0.36997467,0.58910453
2284,7,7,0.4129598,0.22183532,0.4129598
2285,7,7,0.5532478,0.32028717,0.5532478
2286,7,7,0.6231567,0.38903004,0.6231567
2287,7,7,0.42145777,0.22402096,0.42145777
2288,7,7,0.5050124,0.37505096,0.5050124
2289,7,7,0.58856404,0.43107837,0.58856404
2290,7,7,0.48269722,0.2932372,0.48269722
2291,7,6,0.73256963,0.67309475,0.73256963
2292,7,5,0.74204654,0.55254304,0.74204654
2293,7,6,0.7233257,0.6213012,0.7233257
2294,7,5,0.79499185,0.56046057,0.79499185
2295,7,5,0.7769877,0.59872353,0.7769877
2296,7,5,0.6569303,0.44617736,0.6569303
2297,7,5,0.40764812,0.25943464,0.40764812
2298,7,5,0.21128811,0.09284693,0.21128811
2299,7,5,0.42213947,0.2687729,0.42213947
2300,7,5,0.2986654,0.18384099,0.2986654
2301,7,5,0.51580393,0.438774,0.51580393
2302,7,6,0.6260931,0.5605599,0.6260931
2303,7,6,0.65601003,0.455405,0.65601003
2304,7,1,0.61185783,0.5253714,0.61185783
2305,7,6,0.8345358,0.64599884,0.8345358
2306,7,6,0.79244643,0.6482042,0.79244643
2307,7,6,0.95573425,0.7631135,0.95573425
2308,7,6,0.7772655,0.5042662,0.7772655
2309,7,6,0.5953568,0.4275149,0.5953568
2310,7,1,0.39889276,0.37682384,0.39889276
2311,7,1,0.34314775,0.353204,0.353204
2312,7,1,0.33745095,0.3551796,0.3551796
2313,7,1,0.36242017,0.43889654,0.43889654
2314,7,1,0.34828377,0.38412416,0.38412416
2315,7,6,0.3381561,0.3349179,0.3381561
2316,7,6,0.31149784,0.28593534,0.31149784
2317,7,6,0.3603198,0.49352568,0.49352568
2318,7,6,0.28838268,0.2215386,0.28838268
2319,7,6,0.39859238,0.43463314,0.43463314
2320,7,1,0.34625155,0.4087661,0.4087661
2321,7,1,0.3319961,0.36388397,0.36388397
2322,7,6,0.207243,0.13253444,0.207243
2323,7,6,0.33755434,0.35627037,0.35627037
2324,7,6,0.3540082,0.44563508,0.44563508
2325,7,6,0.36264473,0.43997073,0.43997073
2326,7,6,0.27497977,0.23458374,0.27497977
2327,7,6,0.3213426,0.36373502,0.36373502
2328,7,6,0.26036742,0.2178545,0.26036742
2329,7,6,0.3153824,0.33261442,0.33261442
2330,7,6,0.29507264,0.2539178,0.29507264
2331,7,6,0.41741034,0.34829468,0.41741034
2332,7,6,0.61408234,0.5638321,0.61408234
2333,7,0,0.31960967,0.16245031,0.31960967
2334,7,0,0.058077645,0.02179724,0.058077645
2335,7,0,0.0807184,0.03197217,0.0807184
2336,7,0,0.07026622,0.026119173,0.07026622
2337,7,0,0.06399019,0.02466619,0.06399019
2338,7,0,0.056281537,0.022058725,0.056281537
2339,7,0,0.08218121,0.03412968,0.08218121
2340,7,0,0.071967125,0.028669417,0.071967125
2341,7,0,0.048513934,0.017412245,0.048513934
2342,7,0,0.048809506,0.01791197,0.048809506
2343,7,0,0.055249624,0.020734906,0.055249624
