window,actual,predict,entropy,un_prob,vacuity,dissonance,overall
1,0,0,0.64377314,0.51715696,0.23420727,0.624451071023941,0.6437731385231018
2,0,5,0.62496215,0.4285606,0.24164575,0.4342411085963249,0.6249621510505676
3,0,5,0.58957803,0.41405517,0.20446819,0.470290943980217,0.5895780324935913
4,0,0,0.5841284,0.5502677,0.17011178,0.8028398156166077,0.8028398156166077
5,0,5,0.539999,0.3175276,0.20679575,0.2731625847518444,0.5399990081787109
6,0,0,0.5425879,0.38307798,0.16499412,0.47741611301898956,0.5425878763198853
7,0,0,0.4325895,0.2177431,0.16938752,0.13905797712504864,0.43258950114250183
8,0,0,0.56776047,0.35484987,0.21286243,0.33719052374362946,0.5677604675292969
9,0,5,0.5875465,0.5005486,0.17758441,0.6903245151042938,0.6903245151042938
10,0,0,0.2908314,0.12110156,0.1384018,0.0,0.29083138704299927
11,0,0,0.25715104,0.10365182,0.118459225,0.0,0.2571510374546051
12,0,0,0.2804301,0.11563146,0.13215023,0.0,0.2804301083087921
13,0,0,0.17079137,0.06244409,0.07136464,0.0,0.1707913726568222
14,0,0,0.17725022,0.06534457,0.07467955,0.0,0.1772502213716507
15,0,0,0.22815008,0.08923906,0.10198748,0.0,0.22815008461475372
16,0,0,0.16866186,0.06149447,0.07027936,0.0,0.16866186261177063
17,0,0,0.1846203,0.068691194,0.078504264,0.0,0.18462030589580536
18,0,0,0.16434053,0.059577644,0.06808877,0.0,0.1643405258655548
19,0,0,0.1833357,0.0681051,0.07783437,0.0,0.18333570659160614
20,0,0,0.17290497,0.0633899,0.07244557,0.0,0.17290496826171875
21,0,0,0.24881332,0.09944987,0.113657,0.0,0.24881331622600555
22,0,0,0.397029,0.18113965,0.2070167,0.0,0.39702901244163513
23,0,0,0.41606027,0.19272423,0.22025627,0.0,0.41606026887893677
24,0,0,0.25963253,0.104911506,0.119898856,0.0,0.25963252782821655
25,0,0,0.23040704,0.0903402,0.103245914,0.0,0.23040704429149628
26,0,0,0.283028,0.116990924,0.13370395,0.0,0.2830280065536499
27,0,0,0.4459131,0.21142429,0.24162775,0.0,0.4459131062030792
28,0,5,0.28622797,0.118671656,0.13562477,0.0,0.2862279713153839
29,0,5,0.21179128,0.08136225,0.09298545,0.0,0.2117912769317627
30,0,5,0.18726404,0.06990117,0.07988709,0.0,0.18726404011249542
31,0,5,0.21009085,0.08055413,0.09206188,0.0,0.21009084582328796
32,0,5,0.22495273,0.08768505,0.1002115,0.0,0.22495272755622864
33,0,5,0.19467011,0.07331729,0.08379114,0.0,0.19467011094093323
34,0,5,0.1826129,0.067775786,0.07745808,0.0,0.18261289596557617
35,0,5,0.23309582,0.091656566,0.104750335,0.0,0.23309582471847534
36,0,5,0.59163177,0.33343786,0.27753913,0.18118225038051605,0.5916317701339722
37,0,0,0.5782196,0.49269158,0.16961253,0.688561201095581,0.688561201095581
38,0,0,0.33485126,0.1450563,0.16577864,0.0,0.3348512649536133
39,0,0,0.5665217,0.41915798,0.17620313,0.529960423707962,0.5665217041969299
40,0,0,0.5353312,0.34110492,0.18034136,0.36661247164011,0.5353311896324158
41,0,0,0.49741715,0.3900743,0.11717129,0.5750989019870758,0.5750989019870758
42,0,5,0.54513776,0.48199493,0.14013177,0.718759298324585,0.718759298324585
43,0,0,0.53192973,0.5336505,0.124693155,0.849088042974472,0.849088042974472
44,0,0,0.2889672,0.13041925,0.09191805,0.09998188586905599,0.28896719217300415
45,0,0,0.22261569,0.08655363,0.09891844,0.0,0.22261568903923035
46,0,0,0.16666691,0.06060785,0.06926608,0.0,0.1666669100522995
47,0,0,0.19282585,0.072462976,0.08281481,0.0,0.19282585382461548
48,0,0,0.19716564,0.07447708,0.085116684,0.0,0.19716563820838928
49,0,0,0.22861527,0.08946574,0.10224652,0.0,0.22861526906490326
50,0,0,0.19831872,0.07501447,0.08573085,0.0,0.1983187198638916
51,0,0,0.3075172,0.13002837,0.1486038,0.0,0.3075172007083893
52,0,0,0.2954079,0.1235314,0.14117879,0.0,0.29540789127349854
53,0,0,0.22135852,0.08594656,0.09822464,0.0,0.221358522772789
54,0,0,0.5000417,0.34162444,0.1393835,0.4393276795744896,0.5000417232513428
55,0,0,0.28690535,0.11902833,0.13603234,0.0,0.28690534830093384
56,0,0,0.27968806,0.11524397,0.13170743,0.0,0.2796880602836609
57,0,0,0.17962587,0.066419065,0.07590747,0.0,0.17962586879730225
58,0,0,0.3728396,0.19099414,0.11608386,0.1788414567708969,0.3728395998477936
59,0,0,0.5213243,0.5133954,0.11670357,0.8225596845149994,0.8225596845149994
60,0,0,0.47585213,0.3237552,0.123535216,0.4313237741589546,0.4758521318435669
61,0,0,0.23233826,0.09128517,0.10432589,0.0,0.23233826458454132
62,0,0,0.21877395,0.084701896,0.096802175,0.0,0.2187739461660385
63,0,0,0.260872,0.10554218,0.120619655,0.0,0.2608720064163208
64,0,0,0.28959438,0.12044722,0.137654,0.0,0.2895943820476532
65,0,0,0.24017362,0.095145226,0.10873741,0.0,0.24017362296581268
66,0,0,0.19916049,0.075407386,0.08617985,0.0,0.19916048645973206
67,0,0,0.23859067,0.09436202,0.107842326,0.0,0.23859067261219025
68,0,0,0.18820229,0.07033181,0.08037919,0.0,0.18820229172706604
69,0,0,0.17956668,0.06639224,0.07587683,0.0,0.17956668138504028
70,0,0,0.21905802,0.08483845,0.09695828,0.0,0.21905802190303802
71,0,0,0.2586223,0.10439807,0.11931211,0.0,0.25862228870391846
72,0,0,0.48953107,0.271878,0.18185747,0.22550543770194054,0.4895310699939728
73,0,0,0.49589324,0.34493035,0.13337284,0.4564581960439682,0.4958932399749756
74,0,0,0.45941192,0.31122112,0.113557935,0.4237157851457596,0.4594119191169739
75,0,0,0.25351843,0.10181528,0.11636031,0.0,0.2535184323787689
76,0,0,0.23417594,0.09218675,0.105356276,0.0,0.2341759353876114
77,0,0,0.27489856,0.1127519,0.12885934,0.0,0.27489855885505676
78,0,0,0.19208167,0.07211894,0.0824216,0.0,0.19208167493343353
79,0,0,0.22223672,0.08637053,0.098709166,0.0,0.2222367227077484
80,0,0,0.23007347,0.09017724,0.10305965,0.0,0.2300734668970108
81,0,0,0.2595434,0.10486615,0.119847,0.0,0.25954338908195496
82,0,0,0.31050724,0.13164777,0.15045458,0.0,0.31050723791122437
83,0,0,0.30877382,0.13070822,0.1493808,0.0,0.30877381563186646
84,0,0,0.4232292,0.19715548,0.22532052,0.0,0.4232291877269745
85,0,0,0.40909466,0.18845415,0.2153762,0.0,0.4090946614742279
86,0,0,0.35166836,0.15455341,0.17663246,0.0,0.3516683578491211
87,0,0,0.535882,0.31972647,0.19854313,0.2920023947954178,0.5358819961547852
88,0,0,0.37659752,0.16898775,0.19312888,0.0,0.37659752368927
89,0,0,0.2456168,0.09785128,0.111830056,0.0,0.24561679363250732
90,0,0,0.23874927,0.0944404,0.10793191,0.0,0.23874926567077637
91,0,0,0.33720988,0.14637673,0.1672877,0.0,0.33720988035202026
92,0,0,0.52608335,0.38740122,0.14576304,0.5197170227766037,0.5260833501815796
93,0,0,0.5271,0.49225986,0.12311232,0.7690731883049011,0.7690731883049011
94,0,5,0.5534552,0.4714802,0.14942229,0.681471437215805,0.681471437215805
95,0,5,0.50594234,0.40999073,0.119211316,0.611361637711525,0.611361637711525
96,0,5,0.22114947,0.08584571,0.098109365,0.0,0.2211494743824005
97,0,5,0.24109901,0.09560388,0.10926157,0.0,0.241099014878273
98,0,5,0.24573916,0.09791237,0.11189979,0.0,0.2457391619682312
99,0,5,0.22115763,0.08584964,0.098113835,0.0,0.22115762531757355
100,0,5,0.22479565,0.087608874,0.10012442,0.0,0.2247956544160843
101,0,5,0.32629955,0.14347398,0.13349915,0.053324453881941736,0.3262995481491089
102,0,5,0.20414682,0.0777449,0.08885133,0.0,0.20414681732654572
103,0,5,0.42800683,0.2711625,0.1055572,0.35759996622800827,0.4280068278312683
104,0,0,0.30364197,0.12797076,0.14357698,0.004681787318077113,0.3036419749259949
105,0,0,0.512319,0.4268235,0.12078357,0.6422757357358932,0.6422757357358932
106,0,0,0.5403257,0.5492362,0.13151073,0.8683285713195801,0.8683285713195801
107,0,0,0.3330319,0.1440404,0.1646176,0.0,0.33303189277648926
108,0,0,0.25240064,0.10125202,0.115716636,0.0,0.25240063667297363
109,0,0,0.54714423,0.51183903,0.13873959,0.7808836400508881,0.7808836400508881
110,0,0,0.6069182,0.55924875,0.1914975,0.7833768129348755,0.7833768129348755
111,0,0,0.25150105,0.1007992,0.11519909,0.0,0.25150105357170105
112,0,0,0.30101296,0.12652647,0.14460164,0.0,0.30101296305656433
113,0,0,0.26940194,0.109910905,0.12561244,0.0,0.2694019377231598
114,0,0,0.22890864,0.08960873,0.10241002,0.0,0.22890864312648773
115,0,0,0.20893794,0.080007315,0.09143692,0.0,0.20893794298171997
116,0,0,0.19374107,0.072886586,0.08329898,0.0,0.1937410682439804
117,0,0,0.2504784,0.10028529,0.114611745,0.0,0.2504783868789673
118,0,0,0.17722589,0.065333605,0.07466698,0.0,0.17722588777542114
119,0,0,0.1498839,0.053266466,0.060875952,0.0,0.14988389611244202
120,0,0,0.14751291,0.05224651,0.059710264,0.0,0.14751291275024414
121,0,0,0.16015415,0.057733893,0.06598163,0.0,0.16015414893627167
122,0,0,0.16437641,0.0595935,0.06810689,0.0,0.1643764078617096
123,0,0,0.17817408,0.065761924,0.07515651,0.0,0.17817407846450806
124,0,0,0.19136551,0.07178819,0.08204365,0.0,0.19136551022529602
125,0,0,0.15756193,0.056598842,0.06468439,0.0,0.15756192803382874
126,0,0,0.18937568,0.070871234,0.08099568,0.0,0.18937568366527557
127,0,0,0.27242222,0.11146945,0.12739366,0.0,0.2724222242832184
128,0,0,0.5765732,0.30154616,0.34462416,0.0,0.5765731930732727
129,0,5,0.9759278,0.7592622,0.86772823,0.0,0.9759278297424316
130,0,2,0.86706924,0.57638156,0.6587218,0.0,0.8670692443847656
131,0,2,0.6148125,0.47066534,0.2126087,0.5692653805017471,0.6148124933242798
132,0,2,0.59363467,0.31442153,0.35933888,0.0,0.5936346650123596
133,0,2,0.50164515,0.2481404,0.283589,0.0,0.5016451478004456
134,0,2,0.5788957,0.30328226,0.34660828,0.0,0.5788956880569458
135,0,2,0.48874533,0.23942554,0.2736292,0.0,0.4887453317642212
136,0,4,0.46271008,0.22271699,0.24187344,0.022155363141791895,0.46271008253097534
137,0,4,0.68340194,0.5930181,0.27098107,0.7118193507194519,0.7118193507194519
138,0,2,0.46373513,0.22290403,0.25474745,0.0,0.4637351334095001
139,0,4,0.6609036,0.41484642,0.30543655,0.2951788380742073,0.6609035730361938
140,0,2,0.38861373,0.17613393,0.1982044,0.0054101790774439,0.3886137306690216
141,0,2,0.45319176,0.23137194,0.18225455,0.14379835315048695,0.45319175720214844
142,0,2,0.5774063,0.52614915,0.16507554,0.7634162306785583,0.7634162306785583
143,0,4,0.67923564,0.5668255,0.26773167,0.6651206314563751,0.6792356371879578
144,0,2,0.45086226,0.21458817,0.24524361,0.0,0.45086225867271423
145,0,2,0.4342733,0.20405513,0.23320591,0.0,0.43427330255508423
146,0,5,0.6783281,0.5755,0.2659918,0.6855144202709198,0.6855144202709198
147,0,2,0.6326079,0.37509763,0.29831982,0.2281355857849121,0.6326078772544861
148,0,2,0.63278735,0.5805235,0.21685266,0.7815549075603485,0.7815549075603485
149,0,5,0.7244342,0.53447485,0.3321923,0.4876132011413574,0.7244341969490051
150,0,2,0.4999335,0.24697632,0.2822587,0.0,0.49993351101875305
151,0,2,0.3922585,0.17827612,0.20374411,0.0,0.39225849509239197
152,0,2,0.8668968,0.6102452,0.56381524,0.23381376266479492,0.8668968081474304
153,0,2,1.0,0.875,1.0,0.0,1.0
154,0,6,1.0,0.875,1.0,0.0,1.0
155,0,5,0.80651104,0.50568116,0.5779213,0.0,0.8065110445022583
156,0,5,0.53419256,0.27073765,0.30941445,0.0,0.5341925621032715
157,0,0,0.5876875,0.3383999,0.26188713,0.21849728375673294,0.5876874923706055
158,0,5,0.53509736,0.33071232,0.18784177,0.33270159363746643,0.5350973606109619
159,0,5,0.5404825,0.2752086,0.31452405,0.0,0.5404825210571289
160,0,5,0.56371176,0.33842152,0.22153443,0.2891577258706093,0.5637117624282837
161,0,0,0.6603002,0.55350244,0.24748003,0.6739149391651154,0.6739149391651154
162,0,0,0.3526322,0.15510356,0.17726123,0.0,0.35263219475746155
163,0,0,0.28067973,0.115761876,0.1322993,0.0,0.28067973256111145
164,0,0,0.27684894,0.11376488,0.13001704,0.0,0.2768489420413971
165,0,0,0.20276132,0.07709366,0.08810705,0.0,0.20276132225990295
166,0,0,0.18413027,0.0684675,0.07824856,0.0,0.18413026630878448
167,0,0,0.1663454,0.060465217,0.06910312,0.0,0.16634540259838104
168,0,0,0.14559096,0.051422894,0.058768988,0.0,0.14559096097946167
169,0,0,0.12832148,0.044151843,0.050459266,0.0,0.12832148373126984
170,0,0,0.13413139,0.046571672,0.053224742,0.0,0.13413138687610626
171,0,0,0.13295056,0.04607767,0.052660167,0.0,0.132950559258461
172,0,0,0.11806544,0.03994727,0.045654,0.0,0.11806543916463852
173,0,0,0.14195852,0.049874008,0.05699891,0.0,0.14195851981639862
174,0,0,0.13666871,0.047636867,0.054442167,0.0,0.13666871190071106
175,0,0,0.1357938,0.047268987,0.054021716,0.0,0.1357938051223755
176,0,0,0.13175422,0.0455783,0.052089512,0.0,0.13175421953201294
177,0,0,0.12199082,0.041546285,0.047481477,0.0,0.12199082225561142
178,0,0,0.12339375,0.042120874,0.04813814,0.0,0.12339375168085098
179,0,0,0.12882252,0.044359446,0.05069655,0.0,0.12882252037525177
180,0,0,0.12031037,0.040860176,0.04669732,0.0,0.12031037360429764
181,0,0,0.12422164,0.04246068,0.048526525,0.0,0.12422163784503937
182,0,0,0.1226933,0.04183376,0.047810018,0.0,0.12269330024719238
183,0,0,0.1265966,0.043438673,0.049644172,0.0,0.126596599817276
184,0,0,0.12163181,0.04139948,0.04731369,0.0,0.12163180857896805
185,0,0,0.1196206,0.0405792,0.04637623,0.0,0.11962059885263443
186,0,0,0.119916245,0.0406996,0.046513796,0.0,0.11991624534130096
187,0,0,0.11794637,0.039898932,0.045598805,0.0,0.11794637143611908
188,0,0,0.11621727,0.039198875,0.044798672,0.0,0.11621727049350739
189,0,0,0.1294366,0.044614196,0.0509876,0.0,0.12943659722805023
190,0,0,0.1271916,0.043684423,0.04992503,0.0,0.12719160318374634
191,0,0,0.12948605,0.0446347,0.051011086,0.0,0.1294860541820526
192,0,0,0.124600485,0.042616367,0.048704445,0.0,0.12460048496723175
193,0,0,0.122735746,0.041851163,0.047829926,0.0,0.12273574620485306
194,0,0,0.13937388,0.048778176,0.055746496,0.0,0.13937388360500336
195,0,0,0.13495298,0.046916008,0.053618312,0.0,0.13495297729969025
196,0,0,0.14651974,0.051820517,0.059223413,0.0,0.146519735455513
197,0,0,0.12504551,0.042799413,0.048913658,0.0,0.125045508146286
198,0,0,0.117154226,0.0395779,0.04523188,0.0,0.11715422570705414
199,0,0,0.122792915,0.041874588,0.04785669,0.0,0.12279291450977325
200,0,0,0.11982891,0.040664017,0.046473145,0.0,0.11982890963554382
201,0,0,0.12256091,0.041779578,0.04774809,0.0,0.12256091088056564
202,0,0,0.11992817,0.04070443,0.0465194,0.0,0.11992817372083664
203,0,0,0.11898711,0.04032153,0.04608178,0.0,0.11898711323738098
204,0,0,0.11828359,0.040035784,0.045755208,0.0,0.11828359216451645
205,0,0,0.12843335,0.044198155,0.050512195,0.0,0.12843334674835205
206,0,0,0.11622162,0.039200604,0.0448007,0.0,0.11622162163257599
207,0,0,0.13651232,0.047571063,0.054366946,0.0,0.13651232421398163
208,0,0,0.12934199,0.044574916,0.05094278,0.0,0.1293419897556305
209,0,0,0.13306464,0.046125352,0.052714646,0.0,0.1330646425485611
210,0,0,0.1419272,0.049860716,0.05698365,0.0,0.14192719757556915
211,0,0,0.13168673,0.045550168,0.052057326,0.0,0.131686732172966
212,0,0,0.13179153,0.045593858,0.052107275,0.0,0.13179153203964233
213,0,0,0.13795176,0.04817748,0.05505997,0.0,0.13795176148414612
214,0,0,0.12905334,0.04445517,0.050805926,0.0,0.12905333936214447
215,0,0,0.13504292,0.046953738,0.053661466,0.0,0.1350429207086563
216,0,0,0.13295056,0.04607767,0.052660167,0.0,0.132950559258461
217,0,0,0.12578021,0.043101966,0.049259424,0.0,0.12578020989894867
218,0,0,0.12622191,0.04328406,0.049467504,0.0,0.1262219101190567
219,0,0,0.11884834,0.040265143,0.04601729,0.0,0.11884833872318268
220,0,0,0.11963567,0.04058534,0.04638326,0.0,0.119635671377182
221,0,0,0.12304367,0.041977346,0.04797411,0.0,0.12304367125034332
222,0,0,0.12543847,0.04296118,0.04909849,0.0,0.12543846666812897
223,0,0,0.13416198,0.046584487,0.053239405,0.0,0.13416197896003723
224,0,0,0.13544333,0.047121823,0.05385351,0.0,0.1354433298110962
225,0,0,0.14200418,0.04989344,0.05702108,0.0,0.14200417697429657
226,0,0,0.1251339,0.04283583,0.048955202,0.0,0.12513390183448792
227,0,0,0.12888326,0.04438466,0.05072528,0.0,0.1288832575082779
228,0,0,0.13346851,0.046294212,0.052907646,0.0,0.13346850872039795
229,0,0,0.13111018,0.04530996,0.051782787,0.0,0.13111017644405365
230,0,0,0.12968858,0.044718802,0.051107228,0.0,0.1296885758638382
231,0,0,0.12312066,0.042008877,0.04801017,0.0,0.12312065809965134
232,0,0,0.13785608,0.04813713,0.055013835,0.0,0.13785608112812042
233,0,0,0.12567285,0.04305774,0.04920882,0.0,0.125672847032547
234,0,0,0.12915476,0.04449725,0.050853968,0.0,0.1291547566652298
235,0,0,0.13908009,0.04865396,0.055604517,0.0,0.13908009231090546
236,0,0,0.13028319,0.044965863,0.051389515,0.0,0.1302831918001175
237,0,0,0.14608894,0.05163598,0.059012532,0.0,0.14608894288539886
238,0,0,0.1380135,0.048203528,0.05508977,0.0,0.13801349699497223
239,0,0,0.12682322,0.043532252,0.049751103,0.0,0.12682321667671204
240,0,0,0.12557359,0.04301685,0.04916209,0.0,0.12557359039783478
241,0,0,0.13338447,0.046259046,0.052867472,0.0,0.13338446617126465
242,0,0,0.14546296,0.051368117,0.058706403,0.0,0.14546296000480652
243,0,0,0.1322395,0.04578072,0.052320838,0.0,0.13223950564861298
244,0,0,0.12764621,0.043872356,0.050139844,0.0,0.12764620780944824
245,0,0,0.11549711,0.038908005,0.044466317,0.0,0.11549711227416992
246,0,0,0.12262518,0.041805863,0.04777813,0.0,0.12262517958879471
247,0,0,0.1180374,0.039935887,0.045641005,0.0,0.1180374026298523
248,0,0,0.13799012,0.048193693,0.055078506,0.0,0.13799011707305908
249,0,0,0.12890255,0.044392645,0.05073446,0.0,0.12890255451202393
250,0,0,0.13999075,0.049039245,0.056044877,0.0,0.13999074697494507
251,0,0,0.1500771,0.053349793,0.06097114,0.0,0.15007710456848145
252,0,0,0.169821,0.062010944,0.070869625,0.0,0.16982099413871765
253,0,0,0.21431126,0.08256364,0.094358444,0.0,0.21431125700473785
254,0,0,0.2369762,0.09356499,0.10693139,0.0,0.23697620630264282
255,0,0,0.2272317,0.08879197,0.10147655,0.0,0.2272316962480545
256,0,0,0.23072766,0.0904969,0.103425026,0.0,0.2307276576757431
257,0,0,0.2983406,0.12509584,0.14296669,0.0,0.2983405888080597
258,0,0,0.5947853,0.3153,0.3603428,0.0,0.5947852730751038
259,0,0,0.33700773,0.14626342,0.16715819,0.0,0.3370077311992645
260,0,5,0.78631943,0.557429,0.42220652,0.3759966492652893,0.7863194346427917
261,0,0,0.34480894,0.15065646,0.1721788,0.0,0.3448089361190796
262,0,0,0.60707575,0.41569203,0.2252568,0.4371846988797188,0.6070757508277893
263,0,5,0.55150986,0.5027997,0.1434015,0.7546467185020447,0.7546467185020447
264,0,0,0.56091255,0.46131784,0.15849984,0.6452609896659851,0.6452609896659851
265,0,0,0.5379278,0.5452382,0.1295178,0.8638202548027039,0.8638202548027039
266,0,5,0.52093315,0.42329592,0.1294558,0.6200441718101501,0.6200441718101501
267,0,5,0.2756884,0.1131618,0.12932777,0.0,0.27568840980529785
268,0,5,0.39999834,0.22336614,0.11330384,0.24845052137970924,0.39999833703041077
269,0,5,0.24899971,0.09954327,0.11376369,0.0,0.2489997148513794
270,0,5,0.24769586,0.098890185,0.11301738,0.0,0.24769586324691772
271,0,5,0.22553174,0.087965965,0.10053247,0.0,0.22553174197673798
272,0,5,0.4556991,0.30819023,0.11147803,0.4212939217686653,0.45569908618927
273,0,5,0.19803102,0.0748803,0.08557749,0.0,0.19803102314472198
274,0,5,0.2977832,0.12479806,0.14262635,0.0,0.2977831959724426
275,0,5,0.24939388,0.09974086,0.11398959,0.0,0.24939388036727905
276,0,0,0.5230952,0.44675207,0.12619197,0.6726682186126709,0.6726682186126709
277,0,5,0.50199604,0.44605124,0.10803425,0.7030426561832428,0.7030426561832428
278,0,0,0.50187516,0.41327667,0.11472726,0.6257805079221725,0.6257805079221725
279,0,0,0.2822211,0.11656821,0.13322079,0.0,0.28222110867500305
280,0,0,0.3779841,0.1852647,0.13309467,0.13761377427726984,0.37798410654067993
281,0,0,0.30449793,0.12839925,0.14674199,0.0,0.30449792742729187
282,0,0,0.2210724,0.085808516,0.098066926,0.0,0.22107240557670593
283,0,0,0.2501869,0.10013884,0.114444375,0.0,0.25018689036369324
284,0,0,0.27669957,0.11368722,0.12992823,0.0,0.27669957280158997
285,0,0,0.19387962,0.07295078,0.083372355,0.0,0.1938796192407608
286,0,0,0.18079473,0.06694919,0.07651335,0.0,0.18079473078250885
287,0,0,0.15381332,0.05496633,0.06281865,0.0,0.15381331741809845
288,0,0,0.18956816,0.07095981,0.08109689,0.0,0.1895681619644165
289,0,0,0.21809438,0.08437538,0.09642899,0.0,0.2180943787097931
290,0,0,0.20658387,0.07889372,0.090164244,0.0,0.2065838724374771
291,1,1,0.7936657,0.5551814,0.43735433,0.34499282389879227,0.7936657071113586
292,1,1,0.5606751,0.312088,0.24926609,0.18796035461127758,0.5606750845909119
293,1,2,0.51649857,0.38233608,0.13805616,0.5230739414691925,0.5230739414691925
294,1,2,0.5336278,0.35049063,0.17209649,0.3998122587800026,0.5336278080940247
295,1,2,0.42432678,0.19783717,0.22609961,0.0,0.4243267774581909
296,1,2,0.6962075,0.53885263,0.29273295,0.5654226094484329,0.6962075233459473
297,1,1,0.7516345,0.44961882,0.5138501,0.0,0.7516344785690308
298,1,6,0.38026905,0.17114991,0.19559991,0.0,0.38026905059814453
299,1,6,0.43838394,0.20664608,0.23616701,0.0,0.43838393688201904
300,1,6,0.31427354,0.13369608,0.1527955,0.0,0.31427353620529175
301,1,6,0.5373358,0.27296758,0.3119629,0.0,0.5373358130455017
302,1,6,0.601474,0.32043332,0.3662095,0.0,0.6014739871025085
303,1,6,0.43709105,0.2058298,0.23523408,0.0,0.43709105253219604
304,1,6,0.87466216,0.58614033,0.66987467,0.0,0.8746621608734131
305,1,6,0.6641331,0.54308754,0.2531078,0.6432364881038666,0.6641330718994141
306,1,7,0.99973905,0.86396897,0.98739314,0.0,0.9997390508651733
307,1,7,0.67724884,0.38196993,0.4365371,0.0,0.6772488355636597
308,1,7,0.54063445,0.27531695,0.31464797,0.0,0.5406344532966614
309,1,4,0.7520509,0.4521088,0.48569238,0.0542559283785522,0.7520508766174316
310,1,1,0.3937241,0.17915416,0.20474762,0.0,0.39372411370277405
311,1,1,0.28050828,0.11567229,0.1321969,0.0,0.28050827980041504
312,1,1,0.42650312,0.21643436,0.16066658,0.1517021581530571,0.42650312185287476
313,1,1,0.45805115,0.32140285,0.10707104,0.455431304872036,0.4580511450767517
314,1,1,0.39910963,0.21641558,0.119627416,0.22348318621516228,0.3991096317768097
315,1,1,0.4719447,0.3577103,0.10484415,0.5319433063268661,0.5319433063268661
316,1,1,0.48003286,0.43945605,0.091136456,0.7194233238697052,0.7194233238697052
317,1,1,0.16763152,0.06103617,0.069755614,0.0,0.16763152182102203
318,1,1,0.21228372,0.08159667,0.093253374,0.0,0.21228371560573578
319,1,1,0.25202456,0.101062715,0.11550021,0.0,0.2520245611667633
320,1,1,0.28854883,0.11989498,0.13702285,0.0,0.2885488271713257
321,1,1,0.27004755,0.1102435,0.1259926,0.0,0.27004754543304443
322,1,1,0.53862447,0.31047887,0.2124201,0.2492225095629692,0.5386244654655457
323,1,1,0.40932554,0.18859506,0.21553725,0.0,0.4093255400657654
324,1,1,0.3363768,0.1459099,0.16675419,0.0,0.33637678623199463
325,1,1,0.42619956,0.19900239,0.2274313,0.0,0.4261995553970337
326,1,1,0.4938483,0.4068442,0.109273314,0.6224601715803146,0.6224601715803146
327,1,5,0.5477539,0.49761295,0.14057386,0.7492217421531677,0.7492217421531677
328,1,5,0.46176514,0.3447011,0.10050535,0.5135178565979004,0.5135178565979004
329,1,5,0.44226193,0.29332334,0.10634965,0.4005347713828087,0.4422619342803955
330,1,1,0.36641186,0.20741677,0.08979696,0.25768889114260674,0.36641186475753784
331,1,1,0.4896561,0.3962093,0.10840523,0.6027093380689621,0.6027093380689621
332,1,1,0.486507,0.33150816,0.13045031,0.4347282275557518,0.48650699853897095
333,1,1,0.6126154,0.3776279,0.26005012,0.3001680113375187,0.6126154065132141
334,1,7,0.57802194,0.30313307,0.33240545,0.02455661425483413,0.5780219435691833
335,1,7,0.48867828,0.36466974,0.11775696,0.5232647657394409,0.5232647657394409
336,1,1,0.51390743,0.45931202,0.11599505,0.7156326472759247,0.7156326472759247
337,1,1,0.35526475,0.19043112,0.09404516,0.2162831872701645,0.3552647531032562
338,1,1,0.23355946,0.09188402,0.10501033,0.0,0.23355945944786072
339,1,1,0.16087012,0.058048308,0.06634092,0.0,0.16087011992931366
340,1,7,0.49216607,0.5301118,0.09325826,0.8970216512680054,0.8970216512680054
341,1,1,0.171594,0.06280285,0.07177472,0.0,0.17159399390220642
342,1,1,0.14604975,0.05161923,0.0589934,0.0,0.14604975283145905
343,1,1,0.12082254,0.04106903,0.046936035,0.0,0.12082254141569138
344,1,1,0.1456679,0.051455796,0.0588066,0.0,0.1456678956747055
345,1,1,0.21353409,0.08219266,0.09393448,0.0,0.21353408694267273
346,1,1,0.20066941,0.076112926,0.086986184,0.0,0.20066940784454346
347,1,1,0.15969303,0.057531655,0.06575042,0.0,0.15969303250312805
348,1,1,0.15335394,0.054767013,0.06259084,0.0,0.15335394442081451
349,1,1,0.14471865,0.051050007,0.058342814,0.0,0.14471864700317383
350,1,1,0.13207518,0.045712173,0.052242458,0.0,0.13207517564296722
351,1,1,0.12782761,0.0439474,0.050225616,0.0,0.12782761454582214
352,1,1,0.149729,0.053199768,0.060799718,0.0,0.14972899854183197
353,1,1,0.1348526,0.046873927,0.05357021,0.0,0.1348526030778885
354,1,1,0.14841157,0.05263257,0.060151517,0.0,0.1484115719795227
355,1,1,0.1726768,0.063287616,0.07232875,0.0,0.17267680168151855
356,1,1,0.20433818,0.077834964,0.08895427,0.0,0.2043381780385971
357,1,1,0.16082743,0.058029532,0.066319525,0.0,0.1608274281024933
358,1,1,0.14776072,0.052352905,0.059831858,0.0,0.14776071906089783
359,1,1,0.14008313,0.049078405,0.05608958,0.0,0.14008313417434692
360,1,1,0.10892187,0.036272943,0.041454792,0.0,0.10892187058925629
361,1,1,0.10875691,0.03620732,0.04137981,0.0,0.1087569072842598
362,1,1,0.11036938,0.036849856,0.04211414,0.0,0.11036937683820724
363,1,1,0.11951163,0.040534854,0.046325564,0.0,0.11951162666082382
364,1,1,0.11977315,0.040641308,0.046447217,0.0,0.11977314949035645
365,1,1,0.11135752,0.037244737,0.042565405,0.0,0.11135751754045486
366,1,1,0.10722344,0.035598338,0.040683806,0.0,0.10722344368696213
367,1,1,0.12266082,0.041820467,0.04779482,0.0,0.12266082316637039
368,1,1,0.1353082,0.04706508,0.053788662,0.0,0.13530820608139038
369,1,1,0.11476043,0.038610935,0.04412681,0.0,0.11476042866706848
370,1,1,0.10747855,0.035699487,0.04079944,0.0,0.1074785515666008
371,1,1,0.1400196,0.049051464,0.056058824,0.0,0.14001959562301636
372,1,1,0.12019141,0.040811658,0.046641946,0.0,0.12019141018390656
373,1,1,0.11759417,0.03975612,0.045435607,0.0,0.1175941675901413
374,1,1,0.11485831,0.038650393,0.04417187,0.0,0.11485830694437027
375,1,1,0.1210892,0.04117787,0.04706043,0.0,0.12108919769525528
376,1,1,0.12216625,0.04161805,0.047563434,0.0,0.12216625362634659
377,1,1,0.14820233,0.052542686,0.06004876,0.0,0.1482023298740387
378,1,1,0.13371438,0.04639709,0.053025186,0.0,0.13371437788009644
379,1,1,0.14202037,0.049900293,0.05702895,0.0,0.14202037453651428
380,1,1,0.11091098,0.03706616,0.04236138,0.0,0.11091098189353943
381,1,1,0.12247553,0.04174459,0.047708154,0.0,0.1224755272269249
382,1,1,0.13172331,0.045565426,0.05207473,0.0,0.1317233145236969
383,1,1,0.15306027,0.054639637,0.062445283,0.0,0.15306027233600616
384,1,1,0.119491264,0.04052657,0.046316087,0.0,0.11949126422405243
385,1,1,0.08970724,0.028791428,0.032904446,0.0,0.08970724046230316
386,1,1,0.106202185,0.03519392,0.04022163,0.0,0.10620218515396118
387,1,1,0.11126905,0.037209332,0.042524934,0.0,0.11126904934644699
388,1,1,0.112725444,0.037792742,0.04319173,0.0,0.11272544413805008
389,1,1,0.11358847,0.038139284,0.043587804,0.0,0.11358846724033356
390,1,1,0.110716514,0.036988497,0.042272568,0.0,0.11071651428937912
391,1,1,0.11436588,0.03845203,0.043945193,0.0,0.11436588317155838
392,1,1,0.11534381,0.038846135,0.044395626,0.0,0.11534380912780762
393,1,1,0.14940998,0.05306226,0.0606426,0.0,0.14940997958183289
394,1,1,0.15122409,0.05384493,0.061537027,0.0,0.15122409164905548
395,1,1,0.13502562,0.046946466,0.05365312,0.0,0.13502562046051025
396,1,1,0.10575861,0.035018563,0.04002118,0.0,0.10575860738754272
397,1,1,0.12569866,0.04306835,0.04922098,0.0,0.12569865584373474
398,1,1,0.116781734,0.0394271,0.04505956,0.0,0.11678173393011093
399,1,1,0.11506991,0.038735688,0.044269323,0.0,0.1150699108839035
400,1,1,0.14091398,0.04943055,0.05649203,0.0,0.1409139782190323
401,1,1,0.1371073,0.04782152,0.054653168,0.0,0.13710729777812958
402,1,1,0.1546069,0.055311024,0.06321257,0.0,0.154606893658638
403,1,1,0.12626043,0.043299973,0.049485683,0.0,0.1262604296207428
404,1,1,0.20910789,0.08008784,0.09152901,0.0,0.2091078907251358
405,1,1,0.17379431,0.06378883,0.07290155,0.0,0.17379431426525116
406,1,1,0.16695832,0.060737193,0.0694139,0.0,0.16695831716060638
407,1,1,0.15048997,0.05352789,0.06117475,0.0,0.15048997104167938
408,1,1,0.14083348,0.049396396,0.05645305,0.0,0.14083348214626312
409,1,1,0.12455627,0.042598188,0.048683643,0.0,0.1245562732219696
410,1,1,0.1456352,0.05144179,0.058790624,0.0,0.1456352025270462
411,1,1,0.15655307,0.056158423,0.06418103,0.0,0.15655307471752167
412,1,1,0.10927573,0.03641379,0.041615784,0.0,0.10927572846412659
413,1,1,0.13040961,0.045018435,0.051449597,0.0,0.1304096132516861
414,1,1,0.13506798,0.046964288,0.053673446,0.0,0.13506798446178436
415,1,1,0.1317225,0.04556507,0.052074373,0.0,0.13172249495983124
416,1,1,0.13957652,0.048863947,0.055844486,0.0,0.1395765244960785
417,1,1,0.15299316,0.05461055,0.062412024,0.0,0.15299315750598907
418,1,1,0.20561472,0.078436375,0.08964157,0.0,0.20561471581459045
419,1,1,0.16914175,0.061708152,0.07052362,0.0,0.1691417545080185
420,1,1,0.18545426,0.069072366,0.078939855,0.0,0.18545426428318024
421,1,1,0.16317405,0.0590626,0.067500114,0.0,0.16317404806613922
422,1,1,0.12752697,0.043823063,0.05008346,0.0,0.12752696871757507
423,1,1,0.16505067,0.0598917,0.06844765,0.0,0.16505067050457
424,1,1,0.12750652,0.0438146,0.050073802,0.0,0.12750652432441711
425,1,1,0.13645998,0.04754907,0.054341793,0.0,0.13645997643470764
426,1,1,0.1313772,0.045421183,0.051909924,0.0,0.1313772052526474
427,1,1,0.11856384,0.04014957,0.045885205,0.0,0.11856383830308914
428,1,1,0.1440923,0.05078262,0.05803728,0.0,0.14409230649471283
429,1,1,0.14380212,0.050658822,0.05789584,0.0,0.14380212128162384
430,1,1,0.14946875,0.053087533,0.06067145,0.0,0.14946874976158142
431,1,1,0.15851319,0.057014763,0.06515974,0.0,0.15851318836212158
432,1,1,0.49403632,0.41779006,0.10682154,0.6486424058675766,0.6486424058675766
433,1,1,0.15402961,0.055060208,0.062925935,0.0,0.15402960777282715
434,1,1,0.18238932,0.06767404,0.077341735,0.0,0.18238931894302368
435,1,1,0.16195375,0.058524907,0.06688559,0.0,0.16195374727249146
436,1,1,0.21428652,0.08255184,0.094344914,0.0,0.21428652107715607
437,1,1,0.13605046,0.04737687,0.05414498,0.0,0.13605046272277832
438,1,1,0.21003339,0.08052683,0.092030704,0.0,0.2100333869457245
439,1,1,0.1397853,0.04895228,0.055945456,0.0,0.1397853046655655
440,1,1,0.19225071,0.07219702,0.08251089,0.0,0.19225071370601654
441,1,1,0.14038724,0.04920721,0.056236804,0.0,0.14038723707199097
442,1,1,0.19400568,0.07300919,0.08343911,0.0,0.19400568306446075
443,1,1,0.13958794,0.048868775,0.05585003,0.0,0.13958793878555298
444,1,1,0.15372615,0.05492848,0.06277537,0.0,0.15372614562511444
445,1,1,0.17603901,0.064798355,0.074055254,0.0,0.17603901028633118
446,1,1,0.15448743,0.05525911,0.06315327,0.0,0.15448743104934692
447,1,1,0.17888168,0.066082,0.0755223,0.0,0.1788816750049591
448,1,1,0.14343823,0.05050373,0.057718515,0.0,0.14343823492527008
449,1,1,0.14879125,0.052795887,0.06033814,0.0,0.14879125356674194
450,1,1,0.11795641,0.039903045,0.045603454,0.0,0.11795640736818314
451,1,1,0.12527482,0.042893827,0.049021482,0.0,0.12527482211589813
452,1,1,0.106272966,0.035221934,0.04025364,0.0,0.10627296566963196
453,1,1,0.10703266,0.0355227,0.04059738,0.0,0.1070326566696167
454,1,1,0.112892196,0.03785968,0.043268144,0.0,0.11289219558238983
455,1,1,0.13976061,0.04894185,0.055933535,0.0,0.13976061344146729
456,1,1,0.13229467,0.045803726,0.052347124,0.0,0.1322946697473526
457,1,1,0.15150887,0.053968012,0.061677754,0.0,0.1515088677406311
458,1,1,0.12465477,0.04263872,0.048729956,0.0,0.12465476989746094
459,1,1,0.14605604,0.051621914,0.0589965,0.0,0.14605604112148285
460,1,1,0.1574781,0.056562185,0.06464255,0.0,0.15747809410095215
461,1,1,0.4295433,0.20108926,0.22981626,0.0,0.42954328656196594
462,1,1,0.20648392,0.078846514,0.0901103,0.0,0.20648391544818878
463,1,1,0.14486563,0.05111277,0.05841458,0.0,0.14486563205718994
464,1,1,0.12356832,0.04219246,0.04821998,0.0,0.12356831878423691
465,1,1,0.17215618,0.06305444,0.072062194,0.0,0.1721561849117279
466,1,1,0.11662955,0.03936553,0.04498923,0.0,0.11662954837083817
467,1,1,0.11412625,0.03835559,0.043834925,0.0,0.11412625014781952
468,1,1,0.10001,0.032761514,0.03744173,0.0,0.10001000016927719
469,1,1,0.087028824,0.027775586,0.031743526,0.0,0.08702882379293442
470,1,1,0.08738507,0.027910292,0.031897485,0.0,0.08738507330417633
471,1,1,0.09822,0.032064736,0.036645412,0.0,0.09821999818086624
472,1,1,0.11324456,0.03800112,0.04342985,0.0,0.11324456334114075
473,1,1,0.106667235,0.03537798,0.040431976,0.0,0.10666723549365997
474,1,1,0.09502954,0.030830085,0.03523439,0.0,0.09502954035997391
475,1,1,0.1210802,0.041174173,0.047056198,0.0,0.1210801973938942
476,1,1,0.112507485,0.037705302,0.043091774,0.0,0.11250748485326767
477,1,1,0.16217445,0.058622062,0.066996634,0.0,0.16217444837093353
478,1,1,0.124962434,0.04276526,0.048874557,0.0,0.12496243417263031
479,1,1,0.15153165,0.053977907,0.06168902,0.0,0.1515316516160965
480,1,1,0.12667853,0.04347247,0.049682856,0.0,0.12667852640151978
481,1,1,0.15080717,0.053664804,0.061331213,0.0,0.15080717206001282
482,1,1,0.11016187,0.036767066,0.042019486,0.0,0.11016187071800232
483,1,1,0.12882997,0.044362545,0.05070007,0.0,0.1288299709558487
484,1,1,0.10724415,0.035606563,0.040693164,0.0,0.10724414885044098
485,1,1,0.13334045,0.046240628,0.05284643,0.0,0.13334044814109802
486,1,1,0.1087788,0.03621602,0.041389763,0.0,0.10877879709005356
487,1,1,0.1291211,0.044483244,0.050838053,0.0,0.1291210949420929
488,1,1,0.12681441,0.043528616,0.04974699,0.0,0.12681441009044647
489,1,1,0.114077844,0.0383361,0.043812692,0.0,0.1140778437256813
490,1,1,0.11845447,0.040105164,0.04583448,0.0,0.1184544712305069
491,1,1,0.18924531,0.07081121,0.08092713,0.0,0.1892453134059906
492,1,1,0.17971021,0.06645727,0.07595116,0.0,0.17971020936965942
493,1,1,0.17818633,0.06576747,0.07516283,0.0,0.1781863272190094
494,1,1,0.20021921,0.07590222,0.08674544,0.0,0.20021921396255493
495,1,1,0.1976464,0.07470101,0.08537263,0.0,0.1976463943719864
496,1,1,0.16278282,0.058890104,0.06730294,0.0,0.16278281807899475
497,1,1,0.17088564,0.06248617,0.0714128,0.0,0.17088563740253448
498,1,1,0.1825682,0.06775546,0.07743484,0.0,0.18256820738315582
499,1,1,0.13997084,0.04903084,0.05603522,0.0,0.1399708390235901
500,1,1,0.13076767,0.045167387,0.051619828,0.0,0.13076767325401306
501,1,1,0.17275289,0.06332171,0.07236767,0.0,0.17275288701057434
502,1,1,0.174593,0.06414759,0.07331157,0.0,0.1745930016040802
503,1,1,0.17513478,0.064391255,0.07358998,0.0,0.1751347780227661
504,1,1,0.17912135,0.06619054,0.07564628,0.0,0.17912134528160095
505,1,1,0.42351663,0.23065549,0.1356821,0.2238672897219658,0.4235166311264038
506,1,1,0.15198785,0.05417514,0.061914444,0.0,0.15198785066604614
507,1,1,0.16940188,0.061824083,0.07065606,0.0,0.1694018840789795
508,1,1,0.16458505,0.059685767,0.06821227,0.0,0.16458505392074585
509,1,1,0.14378661,0.050652206,0.05788827,0.0,0.14378660917282104
510,1,1,0.3906,0.21746373,0.10790533,0.24609313905239105,0.3905999958515167
511,1,1,0.17435148,0.06403905,0.07318753,0.0,0.17435148358345032
512,1,1,0.26253244,0.108472526,0.10166681,0.039028163824696094,0.26253244280815125
513,1,1,0.18613894,0.06938565,0.0792979,0.0,0.18613894283771515
514,1,1,0.2439306,0.09701085,0.11086953,0.0,0.24393059313297272
515,1,1,0.1721891,0.063069165,0.07207906,0.0,0.17218910157680511
516,1,1,0.39843494,0.2632736,0.08144766,0.3840137794613838,0.39843493700027466
517,1,1,0.19811602,0.07491994,0.08562279,0.0,0.1981160193681717
518,1,1,0.15618515,0.055998027,0.063997746,0.0,0.15618515014648438
519,1,1,0.16619647,0.060399175,0.06902766,0.0,0.16619646549224854
520,1,1,0.12344215,0.042140722,0.04816079,0.0,0.1234421506524086
521,1,1,0.115706876,0.038992703,0.044563055,0.0,0.11570687592029572
522,1,1,0.10459583,0.034559667,0.03949672,0.0,0.10459583252668381
523,1,1,0.115953214,0.039092183,0.04467672,0.0,0.11595321446657181
524,1,1,0.10001827,0.032764733,0.037445366,0.0,0.10001827031373978
525,1,1,0.123294905,0.042080343,0.04809177,0.0,0.1232949048280716
526,1,1,0.112112835,0.03754711,0.042910993,0.0,0.11211283504962921
527,1,1,0.097076215,0.03162104,0.036138356,0.0,0.09707621484994888
528,1,1,0.094927475,0.030790746,0.03518939,0.0,0.09492747485637665
529,1,1,0.10948098,0.036495566,0.041709185,0.0,0.10948097705841064
530,1,1,0.105257295,0.034820557,0.039794922,0.0,0.1052572950720787
531,1,1,0.09962009,0.032609463,0.037267983,0.0,0.09962008893489838
532,1,1,0.11939878,0.04048896,0.046273112,0.0,0.11939878016710281
533,1,1,0.10584265,0.035051763,0.04005915,0.0,0.10584264993667603
534,1,1,0.100655496,0.033013463,0.03772968,0.0,0.10065549612045288
535,1,1,0.11294673,0.037881553,0.043293178,0.0,0.11294672638177872
536,1,1,0.14280637,0.050234616,0.057411015,0.0,0.14280636608600616
537,1,1,0.11930133,0.04044932,0.046227813,0.0,0.11930132657289505
538,1,1,0.11753651,0.039732754,0.045408905,0.0,0.1175365075469017
539,1,1,0.10444974,0.03450209,0.039430916,0.0,0.10444974154233932
540,1,1,0.10279634,0.033851802,0.038687766,0.0,0.10279633849859238
541,1,1,0.14284404,0.05025065,0.057429314,0.0,0.1428440362215042
542,1,1,0.11585454,0.039052308,0.044631183,0.0,0.11585453897714615
543,1,1,0.11748367,0.039711356,0.045384407,0.0,0.11748366802930832
544,1,1,0.15821919,0.056886137,0.06501275,0.0,0.15821918845176697
545,1,1,0.12255726,0.041778088,0.04774636,0.0,0.12255726009607315
546,1,1,0.10345327,0.03410989,0.03898269,0.0,0.10345327109098434
547,1,1,0.11523788,0.0388034,0.04434675,0.0,0.11523787677288055
548,1,1,0.11746083,0.039702117,0.045373857,0.0,0.11746083199977875
549,1,1,0.15374199,0.054935336,0.06278324,0.0,0.1537419855594635
550,1,1,0.1593492,0.057380915,0.06557816,0.0,0.1593492031097412
551,1,1,0.20395494,0.07765466,0.08874816,0.0,0.20395493507385254
552,1,1,0.16869956,0.06151122,0.07029855,0.0,0.16869956254959106
553,1,1,0.18416163,0.0684818,0.07826489,0.0,0.18416163325309753
554,1,1,0.17924578,0.06624687,0.075710714,0.0,0.17924578487873077
555,1,1,0.24983808,0.099963784,0.11424434,0.0,0.24983808398246765
556,1,2,1.0,0.875,1.0,0.0,1.0
557,1,1,0.50908446,0.2532276,0.28940296,0.0,0.5090844631195068
558,1,2,0.8522349,0.55797136,0.6376815,0.0,0.8522348999977112
559,1,2,0.7806875,0.4785264,0.54688734,0.0,0.7806875109672546
560,1,2,0.800073,0.4987697,0.5700225,0.0,0.8000730276107788
561,1,1,0.7760995,0.47385257,0.5415458,0.0,0.7760995030403137
562,1,5,0.5124534,0.25575334,0.28376025,0.014926195930456743,0.5124533772468567
563,1,5,0.4475261,0.22094464,0.19394773,0.10248073656111956,0.44752609729766846
564,1,5,0.5955089,0.49393308,0.18663567,0.6612537205219269,0.6612537205219269
565,1,5,0.63461965,0.34655565,0.39606363,0.0,0.6346196532249451
566,1,5,0.40134996,0.18374723,0.20999682,0.0,0.4013499617576599
567,1,5,0.63193524,0.3443961,0.39359558,0.0,0.6319352388381958
568,1,5,1.0,0.875,1.0,0.0,1.0
569,1,5,0.34294647,0.1496039,0.17097592,0.0,0.34294646978378296
570,1,5,0.39730027,0.18130296,0.20720339,0.0,0.39730027318000793
571,1,5,0.32758608,0.14101285,0.16115755,0.0,0.3275860846042633
572,1,5,0.55997205,0.28928375,0.33061004,0.0,0.5599720478057861
573,2,3,0.57891744,0.30329865,0.34662706,0.0,0.5789174437522888
574,2,3,0.55407435,0.28498852,0.32570118,0.0,0.5540743470191956
575,2,3,0.694775,0.41554177,0.34024155,0.14851123467087746,0.6947749853134155
576,2,3,0.66615975,0.3725471,0.42576808,0.0,0.6661597490310669
577,2,2,0.7835882,0.64876497,0.37635756,0.5789232352981344,0.783588171005249
578,2,3,0.5516654,0.31005436,0.23518968,0.20852683670818806,0.5516654253005981
579,2,4,0.80860585,0.61168766,0.35161966,0.42219288647174835,0.8086058497428894
580,2,3,0.54838306,0.28087336,0.32099813,0.0,0.5483830571174622
581,2,3,0.6884374,0.49546677,0.29595685,0.47300904989242554,0.6884374022483826
582,2,3,0.6471294,0.5674467,0.23205924,0.7287897169589996,0.7287897169589996
583,2,3,0.6687027,0.41903877,0.31518173,0.2865094840526581,0.6687027215957642
584,2,4,0.78482795,0.6961241,0.27094722,0.6569241583347321,0.7848279476165771
585,2,2,0.69307446,0.5199996,0.29359716,0.5262042582035065,0.6930744647979736
586,2,3,0.8543619,0.69223666,0.39969128,0.492241732776165,0.854361891746521
587,2,2,0.59694284,0.36982858,0.24269837,0.3149350732564926,0.5969428420066833
588,2,4,0.6405502,0.4344107,0.25949216,0.41471017152071,0.6405501961708069
589,2,4,0.37901106,0.17040807,0.1947521,0.0,0.3790110647678375
590,2,2,0.3376574,0.14662766,0.16757447,0.0,0.3376573920249939
591,2,4,0.3918376,0.17802423,0.20345628,0.0,0.39183759689331055
592,2,4,0.523638,0.26742625,0.26451033,0.07195937796495855,0.5236380100250244
593,2,4,0.30671427,0.1295945,0.148108,0.0,0.30671426653862
594,2,4,0.646717,0.49376774,0.24303365,0.5622265189886093,0.6467170119285583
595,2,2,0.77593213,0.54577994,0.37942636,0.3501216070726514,0.7759321331977844
596,2,3,0.3272578,0.140831,0.1609497,0.0,0.32725781202316284
597,2,3,0.60914934,0.4260888,0.22265083,0.46253859996795654,0.6091493368148804
598,2,4,0.5361481,0.3396883,0.18237776,0.36021552234888077,0.5361480712890625
599,2,4,0.42606196,0.20578188,0.18397659,0.08960473258048296,0.4260619580745697
600,2,4,0.2400487,0.095083356,0.10866666,0.0,0.24004870653152466
601,2,3,0.5211236,0.2658698,0.26172584,0.07371924840845168,0.5211235880851746
602,2,4,0.31704342,0.13520867,0.15452415,0.0,0.3170434236526489
603,2,4,0.3190163,0.13628912,0.15575898,0.0,0.31901630759239197
604,2,4,0.61943406,0.5253619,0.2065717,0.6892234086990356,0.6892234086990356
605,2,4,0.1831328,0.068012595,0.07772869,0.0,0.18313279747962952
606,2,4,0.30018988,0.12608528,0.1440975,0.0,0.30018988251686096
607,2,4,0.21097833,0.08097565,0.0925436,0.0,0.21097832918167114
608,2,4,0.26769912,0.10903484,0.1246112,0.0,0.26769912242889404
609,2,4,0.31562623,0.1344341,0.15363896,0.0,0.31562623381614685
610,2,4,0.19326201,0.0726648,0.08304548,0.0,0.1932620108127594
611,2,4,0.2624341,0.10633856,0.12152982,0.0,0.26243409514427185
612,2,4,0.19969456,0.07565689,0.08646506,0.0,0.19969455897808075
613,2,2,0.52865726,0.2689157,0.27870232,0.050102332374081016,0.5286572575569153
614,2,2,0.47672567,0.23142457,0.26448518,0.0,0.47672566771507263
615,2,3,0.54560864,0.3030604,0.2343759,0.19596301577985287,0.545608639717102
616,2,2,0.39169857,0.17794108,0.20336121,0.0,0.39169856905937195
617,2,2,0.44389874,0.21045524,0.2305175,0.01750489695405122,0.4438987374305725
618,2,2,0.6752388,0.479021,0.28473997,0.4597470462322235,0.6752387881278992
619,2,2,0.54335487,0.2834934,0.2718845,0.09118887735530734,0.543354868888855
620,2,2,0.6966713,0.40679353,0.4023285,0.10951221361756325,0.6966713070869446
621,2,4,0.5053575,0.28390115,0.19161642,0.23247351869940758,0.5053575038909912
622,2,4,0.3063485,0.12939703,0.14788228,0.0,0.3063485026359558
623,2,2,0.59325737,0.50512743,0.18259376,0.6907157599925995,0.6907157599925995
624,2,4,0.6001433,0.4727552,0.19593483,0.6026244312524796,0.6026244312524796
625,2,2,0.27911678,0.11494589,0.13136673,0.0,0.27911677956581116
626,2,4,0.64183646,0.5750691,0.22621655,0.7542592585086823,0.7542592585086823
627,2,2,0.51381266,0.30879843,0.17793703,0.30620699375867844,0.5138126611709595
628,2,4,0.598981,0.40197337,0.22245848,0.41464438289403915,0.5989810228347778
629,2,2,0.38962898,0.17670459,0.2019481,0.0,0.38962897658348083
630,2,2,0.32605252,0.1401639,0.1601873,0.0,0.3260525166988373
631,2,2,0.28796288,0.11958575,0.13666946,0.0,0.2879628837108612
632,2,2,0.48904562,0.23962688,0.27385932,0.0,0.4890456199645996
633,2,2,0.57064337,0.41308463,0.18306124,0.5058121383190155,0.5706433653831482
634,2,2,0.48659372,0.26272655,0.18956077,0.19372174702584743,0.48659372329711914
635,2,4,0.58131844,0.49126744,0.17287052,0.6800114810466766,0.6800114810466766
636,2,2,0.64255136,0.4603641,0.249417,0.48424847424030304,0.6425513625144958
637,2,4,0.3005306,0.12626785,0.14430612,0.0,0.3005306124687195
638,2,2,0.31709623,0.13523751,0.15455717,0.0,0.3170962333679199
639,2,4,0.46176648,0.2253769,0.21994632,0.06584771326743066,0.46176648139953613
640,2,2,0.38053864,0.17130905,0.19578183,0.0,0.3805386424064636
641,2,3,0.5574207,0.3076409,0.25016105,0.17750000208616257,0.5574206709861755
642,2,3,0.5825576,0.5530177,0.16859305,0.8109975457191467,0.8109975457191467
643,2,2,0.5365612,0.33465737,0.18666053,0.3426588475704193,0.5365611910820007
644,2,2,0.41929922,0.19500434,0.21358466,0.016235589515417814,0.4192992150783539
645,2,2,0.49511522,0.25119835,0.23088539,0.0983472759835422,0.4951152205467224
646,2,2,0.67851025,0.4577458,0.30072016,0.38923128694295883,0.6785102486610413
647,2,2,0.33932108,0.14756179,0.16864204,0.0,0.3393210768699646
648,2,4,0.6338988,0.43208152,0.2516855,0.42371346801519394,0.6338987946510315
649,2,4,0.3915776,0.17786872,0.20327854,0.0,0.3915776014328003
650,2,4,0.28799853,0.11960459,0.13669097,0.0,0.2879985272884369
651,2,4,0.4311578,0.21022552,0.18376338,0.09886512346565723,0.43115779757499695
652,2,4,0.4997462,0.2532202,0.23786348,0.0901793297380209,0.4997462034225464
653,2,4,0.43414402,0.20397389,0.23311305,0.0,0.4341440200805664
654,2,4,0.2580801,0.10412294,0.11899769,0.0,0.2580800950527191
655,2,4,0.22699021,0.088674486,0.10134226,0.0,0.226990208029747
656,2,4,0.27319375,0.11186856,0.12784982,0.0,0.27319374680519104
657,2,4,0.48231292,0.28536028,0.15737247,0.29531871527433395,0.4823129177093506
658,2,4,0.255052,0.10258955,0.1172452,0.0,0.25505200028419495
659,2,4,0.28776577,0.11948186,0.13655066,0.0,0.287765771150589
660,2,4,0.34666657,0.15170866,0.17338133,0.0,0.3466665744781494
661,2,4,0.26765132,0.10901028,0.124583185,0.0,0.2676513195037842
662,2,4,0.27247927,0.11149895,0.12742734,0.0,0.27247926592826843
663,2,4,0.26699156,0.10867143,0.12419593,0.0,0.2669915556907654
664,2,4,0.3087969,0.13072073,0.14939511,0.0,0.3087969124317169
665,2,4,0.3329482,0.14399374,0.16456425,0.0,0.3329482078552246
666,2,4,0.40574393,0.18641251,0.21304286,0.0,0.40574392676353455
667,2,2,0.6459276,0.5781088,0.23042488,0.7529740631580353,0.7529740631580353
668,2,4,0.4012909,0.18371147,0.20995599,0.0,0.4012908935546875
669,2,2,0.5913389,0.45660502,0.19078112,0.5793431103229523,0.5913388729095459
670,2,4,0.5552068,0.3725832,0.18477535,0.42180950194597244,0.5552067756652832
671,2,2,0.5853114,0.4683264,0.18139935,0.6192039847373962,0.6192039847373962
672,2,2,0.5467555,0.42484856,0.15381259,0.5805250108242035,0.5805250108242035
673,2,2,0.5389166,0.41080868,0.15036428,0.5584796816110611,0.5584796816110611
674,2,2,0.5520075,0.4709887,0.14815241,0.6827106177806854,0.6827106177806854
675,2,4,0.36024708,0.15947235,0.18225414,0.0,0.36024707555770874
676,2,2,0.56551385,0.5035553,0.15609789,0.7339393496513367,0.7339393496513367
677,2,4,0.3153254,0.1342699,0.15345126,0.0,0.31532540917396545
678,2,2,0.5513929,0.36203325,0.18642813,0.3978172242641449,0.5513929128646851
679,2,4,0.534976,0.33031243,0.18800277,0.3316199406981468,0.5349760055541992
680,2,2,0.4614002,0.23714453,0.18700367,0.14703262876719236,0.46140021085739136
681,2,2,0.6117868,0.46663433,0.21037728,0.565108448266983,0.6117867827415466
682,2,4,0.59638023,0.45392448,0.19705832,0.5629968494176865,0.5963802337646484
683,2,2,0.41626817,0.19285214,0.22040248,0.0,0.41626816987991333
684,2,4,0.3894785,0.17661476,0.20184547,0.0,0.38947850465774536
685,2,2,0.33116066,0.14299786,0.1634261,0.0,0.33116066455841064
686,2,4,0.3134957,0.13327229,0.1523112,0.0,0.3134956955909729
687,2,4,0.30273733,0.12745208,0.1456595,0.0,0.3027373254299164
688,2,4,0.25737375,0.10376465,0.11858821,0.0,0.25737375020980835
689,2,4,0.26705146,0.10870212,0.12423098,0.0,0.26705145835876465
690,2,4,0.32087243,0.137308,0.15692341,0.0,0.32087242603302
691,2,4,0.23767477,0.09390962,0.107325315,0.0,0.2376747727394104
692,2,4,0.280549,0.11569357,0.13222122,0.0,0.28054898977279663
693,2,4,0.23752752,0.09383696,0.10724223,0.0,0.2375275194644928
694,2,4,0.3957322,0.18035966,0.20612532,0.0,0.39573219418525696
695,2,4,0.24168243,0.09589332,0.10959238,0.0,0.24168242514133453
696,2,4,0.24098317,0.095546424,0.10919589,0.0,0.24098317325115204
697,2,4,0.2553568,0.102743626,0.11742127,0.0,0.2553567886352539
698,2,4,0.22997841,0.090130806,0.1030066,0.0,0.22997841238975525
699,2,4,0.22530249,0.08785468,0.100405395,0.0,0.22530248761177063
700,2,4,0.24641275,0.09824872,0.1122843,0.0,0.2464127540588379
701,2,4,0.55687994,0.41798788,0.16636324,0.5448401123285294,0.5568799376487732
702,2,4,0.3060544,0.12923831,0.14770097,0.0,0.30605441331863403
703,2,4,0.26927328,0.109844625,0.12553674,0.0,0.2692732810974121
704,2,2,0.4144536,0.22267985,0.13278955,0.21297796443104744,0.4144535958766937
705,2,2,0.6104566,0.5077734,0.19971919,0.6660382151603699,0.6660382151603699
706,2,2,0.38538766,0.18886381,0.13911891,0.13426958490163088,0.385387659072876
707,2,2,0.55847144,0.45006472,0.15865397,0.6224850565195084,0.6224850565195084
708,2,4,0.5412973,0.45455766,0.1412372,0.6619502305984497,0.6619502305984497
709,2,4,0.34777042,0.15233499,0.17409712,0.0,0.34777042269706726
710,2,4,0.5603011,0.40056765,0.17677999,0.49177031219005585,0.5603011250495911
711,2,2,0.57016015,0.38218832,0.19745106,0.41883717477321625,0.5701601505279541
712,2,4,0.31936902,0.13648254,0.15597999,0.0,0.31936901807785034
713,2,4,0.5363399,0.30773354,0.21199167,0.2444816790521145,0.5363398790359497
714,2,4,0.31933522,0.136464,0.15595889,0.0,0.3193352222442627
715,2,4,0.3622218,0.16061181,0.18355632,0.0,0.3622218072414398
716,2,4,0.4653022,0.25522888,0.16574842,0.2203979343175888,0.4653021991252899
717,2,4,0.5029091,0.33120918,0.14833534,0.4028313606977463,0.5029091238975525
718,2,4,0.44515145,0.21722823,0.19883728,0.08649120479822159,0.4451514482498169
719,2,4,0.5757,0.41103816,0.18961722,0.49024610221385956,0.5756999850273132
720,2,2,0.3143299,0.13372684,0.15283066,0.0,0.3143298923969269
721,2,4,0.58579904,0.5407273,0.17203784,0.780388355255127,0.780388355255127
722,2,2,0.572147,0.50613064,0.16201091,0.7287420928478241,0.7287420928478241
723,2,2,0.52153957,0.34480244,0.16138887,0.4071741998195648,0.521539568901062
724,2,2,0.32826024,0.14138657,0.16158462,0.0,0.32826024293899536
725,2,2,0.5146348,0.25706422,0.29181403,0.0034538250829427852,0.5146347880363464
726,2,2,0.4600506,0.22051096,0.25201255,0.0,0.4600506126880646
727,2,2,0.33386573,0.14450574,0.16514939,0.0,0.3338657319545746
728,2,2,0.47558558,0.24279118,0.20460641,0.12752112187445164,0.47558557987213135
729,2,4,0.5596675,0.34338665,0.21102047,0.3174874782562256,0.5596675276756287
730,2,2,0.6229107,0.41881752,0.24435496,0.41001390665769577,0.6229106783866882
731,2,4,0.46971187,0.22680801,0.25920916,0.0,0.46971186995506287
732,2,4,0.33807078,0.14685959,0.16783953,0.0,0.3380707800388336
733,2,4,0.61913204,0.3342048,0.3819483,0.0,0.6191320419311523
734,2,4,0.5475961,0.3379866,0.1987505,0.32815974205732346,0.5475960969924927
735,2,2,0.3506204,0.153956,0.1759497,0.0,0.3506203889846802
736,2,2,0.47482052,0.2397008,0.21035898,0.11127327382564545,0.4748205244541168
737,2,4,0.31613448,0.13471174,0.15395623,0.0,0.3161344826221466
738,2,4,0.3059356,0.12917417,0.14762765,0.0,0.3059355914592743
739,2,4,0.62103707,0.5034692,0.21168774,0.6364848911762238,0.6364848911762238
740,2,4,0.31982514,0.13673282,0.1562661,0.0,0.319825142621994
741,2,4,0.5942542,0.5634513,0.1793276,0.8130793869495392,0.8130793869495392
742,2,4,0.2604371,0.10532081,0.12036663,0.0,0.26043710112571716
743,2,4,0.30221504,0.12717152,0.14533883,0.0,0.302215039730072
744,2,4,0.3151233,0.13415956,0.1533252,0.0,0.3151232898235321
745,2,4,0.29383075,0.122692466,0.14021999,0.0,0.2938307523727417
746,2,4,0.35277212,0.1551835,0.17735255,0.0,0.3527721166610718
747,2,4,0.5925303,0.34384638,0.26350218,0.22656389698386192,0.5925303101539612
748,2,4,0.44658306,0.21185148,0.24211597,0.0,0.4465830624103546
749,2,4,0.49414206,0.24305516,0.2777773,0.0,0.4941420555114746
750,2,4,0.48194394,0.23488414,0.26843905,0.0,0.48194393515586853
751,2,4,0.7703816,0.4896949,0.45111454,0.18993929773569107,0.7703816294670105
752,2,2,0.52053183,0.2853428,0.2151807,0.19411946833133698,0.5205318331718445
753,2,2,0.41939095,0.19477832,0.2226038,0.0,0.4193909466266632
754,2,2,0.29028815,0.120814085,0.13807327,0.0,0.29028815031051636
755,2,4,0.35006696,0.15531778,0.15543455,0.03862512914929539,0.3500669598579407
756,2,4,0.33216196,0.1435554,0.16406333,0.0,0.33216196298599243
757,2,4,0.2859793,0.11854082,0.13547522,0.0,0.285979300737381
758,2,4,0.29377416,0.122662425,0.1401856,0.0,0.29377415776252747
759,2,4,0.3621384,0.16832441,0.14024031,0.09122824389487505,0.36213839054107666
760,2,4,0.27213842,0.11132276,0.127226,0.0,0.27213841676712036
761,2,4,0.4094361,0.2171973,0.13266271,0.20223483070731163,0.40943610668182373
762,2,4,0.20825359,0.079683185,0.09106648,0.0,0.20825359225273132
763,2,4,0.2780174,0.11437297,0.13071197,0.0,0.27801740169525146
764,2,4,0.25946352,0.10482556,0.11980063,0.0,0.25946351885795593
765,2,4,0.2437427,0.09691733,0.110762656,0.0,0.2437427043914795
766,2,4,0.26565576,0.10798621,0.12341279,0.0,0.2656557559967041
767,2,4,0.2813988,0.11613786,0.132729,0.0,0.28139880299568176
768,2,4,0.3183544,0.1359263,0.1553443,0.0,0.31835439801216125
769,2,4,0.33484438,0.1450525,0.16577429,0.0,0.3348443806171417
770,2,4,0.5939463,0.539083,0.17986298,0.7634057998657227,0.7634057998657227
771,2,4,0.5412462,0.30250877,0.22715312,0.2074996419250965,0.5412461757659912
772,2,4,0.89606136,0.71329343,0.5070052,0.37963948398828506,0.896061360836029
773,2,2,0.37083822,0.16561496,0.18927425,0.0,0.3708382248878479
774,2,3,0.60235894,0.5230743,0.18943298,0.7146409153938293,0.7146409153938293
775,2,2,0.5019475,0.2780189,0.19368029,0.21709726937115192,0.5019475221633911
776,2,4,0.6106086,0.3995419,0.23959923,0.37978511303663254,0.6106085777282715
777,2,2,0.67414993,0.51577187,0.27051324,0.5581455379724503,0.6741499304771423
778,2,4,0.5791574,0.40005058,0.19877458,0.45224572718143463,0.5791574120521545
779,2,4,0.5721415,0.42848575,0.17895204,0.5438054949045181,0.5721415281295776
780,2,2,0.43237418,0.2577992,0.120180964,0.30528169125318527,0.43237417936325073
781,2,4,0.25659305,0.10336912,0.11813617,0.0,0.2565930485725403
782,2,2,0.29974025,0.12607396,0.13682282,0.012707923800917342,0.2997402548789978
783,2,2,0.40155125,0.19659948,0.15321988,0.12506422959268093,0.4015512466430664
784,2,2,0.53863853,0.5137311,0.13122368,0.7978208959102631,0.7978208959102631
785,2,4,0.3706282,0.1745348,0.14216721,0.10027692746371031,0.3706282079219818
786,2,2,0.2515819,0.10083991,0.11524564,0.0,0.25158190727233887
787,2,4,0.5421663,0.36510342,0.17358541,0.426432304084301,0.5421662926673889
788,2,4,0.56021416,0.5224203,0.14959508,0.7830492556095123,0.7830492556095123
789,2,2,0.5442391,0.39442337,0.16187805,0.5055601745843887,0.5442391037940979
790,2,4,0.2779189,0.11432165,0.13065332,0.0,0.27791890501976013
791,2,4,0.23512049,0.09265101,0.10588688,0.0,0.235120490193367
792,2,4,0.2822661,0.11659175,0.13324773,0.0,0.28226611018180847
793,2,4,0.20362657,0.077500224,0.08857167,0.0,0.2036265730857849
794,2,2,0.33455035,0.14488816,0.16558647,0.0,0.3345503509044647
795,2,4,0.33301845,0.1440329,0.16460907,0.0,0.3330184519290924
796,2,4,0.42791873,0.20007432,0.22865635,0.0,0.4279187321662903
797,2,4,0.35883623,0.15865993,0.18132567,0.0,0.35883623361587524
798,2,4,0.548676,0.3638783,0.18199748,0.409261129796505,0.5486760139465332
799,2,4,0.2302969,0.090286374,0.1031844,0.0,0.23029689490795135
800,2,4,0.55345714,0.5013988,0.14529473,0.748531848192215,0.748531848192215
801,2,4,0.33846456,0.14708066,0.16809219,0.0,0.33846455812454224
802,2,4,0.45639816,0.23396385,0.1834361,0.14691446907818317,0.4563981592655182
803,2,4,0.2178767,0.084270895,0.09630954,0.0,0.21787670254707336
804,2,4,0.2177892,0.08422887,0.09626156,0.0,0.2177892029285431
805,2,4,0.21996821,0.085276425,0.09745878,0.0,0.21996821463108063
806,2,4,0.19510749,0.07352024,0.08402312,0.0,0.19510748982429504
807,2,4,0.19821906,0.07496798,0.08567768,0.0,0.19821906089782715
808,2,4,0.23433465,0.09226471,0.105445385,0.0,0.23433464765548706
809,2,4,0.22646981,0.08842152,0.10105318,0.0,0.22646981477737427
810,2,4,0.31563178,0.13443714,0.15364248,0.0,0.31563177704811096
811,2,4,0.24609451,0.098089755,0.11210257,0.0,0.2460945099592209
812,2,4,0.2492849,0.099686205,0.11392707,0.0,0.24928489327430725
813,2,4,0.32835296,0.14143795,0.16164339,0.0,0.3283529579639435
814,2,4,0.30677772,0.12962878,0.14814717,0.0,0.3067777156829834
815,2,4,0.2776587,0.11418617,0.13049853,0.0,0.27765870094299316
816,2,4,0.5524044,0.394557,0.17065263,0.4904719144105911,0.5524044036865234
817,2,4,0.5132289,0.28467858,0.20339,0.2134246677160263,0.5132288932800293
818,2,4,0.3891167,0.17639899,0.20159876,0.0,0.38911670446395874
819,2,4,0.59878784,0.3718757,0.24369878,0.3172784745693207,0.5987878441810608
820,2,2,0.6195716,0.562135,0.20387411,0.7674902677536011,0.7674902677536011
821,2,2,0.53350437,0.30879188,0.20629495,0.2565675936639309,0.5335043668746948
822,2,4,0.8051662,0.6785363,0.3100387,0.5788458809256554,0.8051661849021912
823,2,2,0.38878867,0.17620337,0.2013753,0.0,0.3887886703014374
824,2,4,0.4826794,0.23537344,0.26899827,0.0,0.4826793968677521
825,2,2,0.62824607,0.34181875,0.37826014,0.021682252205209807,0.6282460689544678
826,2,2,0.68364584,0.38747704,0.44283086,0.0,0.6836458444595337
827,2,2,0.60688734,0.3448869,0.290967,0.1805815603584051,0.6068873405456543
828,2,2,0.6121047,0.3286854,0.3756405,0.0,0.6121047139167786
829,2,4,0.6302236,0.36397177,0.31019753,0.18509778194129467,0.6302235722541809
830,2,6,0.6434599,0.35388416,0.39638764,0.014089939926634543,0.6434599161148071
831,2,4,0.92847085,0.66426134,0.75496316,0.007337116097914986,0.9284708499908447
832,2,4,1.0,0.875,1.0,0.0,1.0
833,2,3,0.5329471,0.26985645,0.30840737,0.0,0.5329471230506897
834,2,4,0.4973622,0.24523205,0.2802652,0.0,0.4973621964454651
835,2,3,0.80876684,0.5431081,0.48025054,0.24577772244811058,0.8087668418884277
836,2,3,0.48832467,0.23914361,0.27330697,0.0,0.48832467198371887
837,2,3,0.7425287,0.44087613,0.50385845,0.0,0.7425286769866943
838,2,3,0.73039883,0.5260724,0.34415418,0.4498748928308487,0.7303988337516785
839,2,2,0.79651666,0.53539073,0.45894867,0.2676212415099144,0.7965166568756104
840,2,2,0.8843623,0.5989771,0.6845452,0.0,0.8843622803688049
841,2,2,0.61441606,0.330495,0.3777086,0.0,0.6144160628318787
842,2,2,0.6279998,0.38475794,0.2785101,0.2821232080459595,0.6279997825622559
843,2,2,0.38230854,0.17235506,0.19697726,0.0,0.3823085427284241
844,2,4,0.72587377,0.5065305,0.27596354,0.3642362132668495,0.7258737683296204
845,2,2,0.4763223,0.23651975,0.22411406,0.08083999343216419,0.4763222932815552
846,2,4,0.73435,0.59087837,0.3333407,0.598410427570343,0.7343500256538391
847,2,2,0.7439197,0.44220245,0.5053743,0.0,0.7439196705818176
848,2,2,0.7178962,0.59258723,0.31205618,0.6390761435031891,0.7178962230682373
849,2,4,0.6507213,0.3777632,0.33396578,0.17108628526329994,0.6507213115692139
850,2,2,0.5254238,0.3151434,0.18806732,0.30116888508200645,0.5254238247871399
851,3,3,0.68358606,0.5346769,0.2777629,0.5832687616348267,0.683586061000824
852,3,3,0.741357,0.50969684,0.37013012,0.37166600674390793,0.7413570284843445
853,3,3,0.44039395,0.20791763,0.23762012,0.0,0.44039395451545715
854,3,3,0.51649505,0.25834048,0.2952463,0.0,0.5164950489997864
855,3,3,0.4574151,0.22168821,0.22085017,0.056888566352427006,0.4574151039123535
856,3,3,0.6261948,0.38268167,0.27756888,0.2796177566051483,0.6261947751045227
857,3,3,0.57895446,0.32547373,0.2643041,0.18841526098549366,0.5789544582366943
858,3,3,0.6523156,0.5459088,0.23942041,0.6728318631649017,0.6728318631649017
859,3,3,0.71275765,0.5508975,0.31156558,0.5565551668405533,0.7127576470375061
860,3,2,0.72170985,0.45060408,0.36305058,0.2064230926334858,0.7217098474502563
861,3,2,0.5036298,0.25964844,0.22978324,0.11717614345252514,0.5036298036575317
862,3,4,0.62890595,0.47887993,0.22634059,0.5616637766361237,0.6289059519767761
863,3,2,0.7168108,0.6101636,0.30988812,0.678023099899292,0.7168108224868774
864,3,4,0.67443836,0.52232885,0.26923835,0.5734907537698746,0.6744383573532104
865,3,4,0.30912155,0.13089651,0.14959604,0.0,0.3091215491294861
866,3,4,0.268042,0.10921109,0.12481266,0.0,0.2680419981479645
867,3,4,0.21471956,0.082758665,0.094581366,0.0,0.21471956372261047
868,3,4,0.49016926,0.26915824,0.1864053,0.21210726164281368,0.4901692569255829
869,3,4,0.39028987,0.17709911,0.20239896,0.0,0.39028987288475037
870,3,4,0.39221865,0.17825228,0.20371687,0.0,0.3922186493873596
871,3,2,0.6622967,0.41194355,0.3108315,0.27993201091885567,0.662296712398529
872,3,3,0.74489087,0.6297481,0.29331088,0.6036242982372642,0.7448908686637878
873,3,4,0.59100544,0.38765734,0.22078693,0.38893742114305496,0.5910054445266724
874,3,2,0.5947971,0.53335005,0.18107003,0.7498274743556976,0.7498274743556976
875,3,3,0.4367638,0.20562345,0.23499823,0.0,0.43676379323005676
876,3,3,0.5592589,0.32389587,0.2302224,0.2449026070535183,0.5592588782310486
877,3,3,0.4359129,0.20508713,0.23438531,0.0,0.4359129071235657
878,3,5,0.5725946,0.3561756,0.2185818,0.32983315736055374,0.5725945830345154
879,3,3,0.566795,0.29429245,0.33633423,0.0,0.5667949914932251
880,3,3,0.42287177,0.19693357,0.22506696,0.0,0.42287176847457886
881,3,3,0.5776933,0.3326745,0.25119835,0.2257518693804741,0.5776932835578918
882,3,3,0.556891,0.28703588,0.32804102,0.0,0.5568910241127014
883,3,3,0.31353766,0.13329512,0.15233731,0.0,0.3135376572608948
884,3,4,0.5751939,0.3804989,0.2047528,0.4026803597807884,0.5751938819885254
885,3,4,0.6124363,0.47137278,0.20974278,0.575695738196373,0.6124362945556641
886,3,4,0.5529227,0.3956114,0.17076653,0.49238142371177673,0.5529227256774902
887,3,4,0.74461347,0.5895934,0.34729707,0.5714169144630432,0.7446134686470032
888,3,2,0.76154554,0.47477573,0.41159135,0.13667160458862782,0.7615455389022827
889,3,2,0.34213102,0.14914382,0.17045009,0.0,0.34213101863861084
890,3,2,0.46576428,0.22441345,0.24865812,0.013675059410161339,0.46576428413391113
891,3,2,0.5696547,0.3292644,0.24133348,0.23619520664215088,0.5696547031402588
892,3,2,0.49639833,0.24457961,0.2795195,0.0,0.49639832973480225
893,3,2,0.51225984,0.25541288,0.29190046,0.0,0.512259840965271
894,3,4,0.7858151,0.48380136,0.5529159,0.0,0.7858151197433472
895,3,3,0.9616384,0.7257813,0.82571334,0.006564375391462818,0.9616383910179138
896,3,4,0.7099867,0.41073394,0.46941024,0.0,0.709986686706543
897,3,4,0.39467216,0.1797229,0.2053976,0.0,0.394672155380249
898,3,4,0.46014774,0.2205739,0.25208443,0.0,0.4601477384567261
899,3,4,0.44400153,0.21020716,0.24023676,0.0,0.44400152564048767
900,3,3,0.44321164,0.20980024,0.23434013,0.009505230864306213,0.4432116448879242
901,3,3,0.6837495,0.41058803,0.34697503,0.18759953905828297,0.6837494969367981
902,3,4,0.6944751,0.4589066,0.32533187,0.3484823480248451,0.6944751143455505
903,3,3,0.29518065,0.123410404,0.14104044,0.0,0.29518064856529236
904,3,3,0.21608877,0.08341366,0.09532988,0.0,0.21608877182006836
905,3,3,0.21189544,0.08141184,0.093042135,0.0,0.2118954360485077
906,3,3,0.19210145,0.07212806,0.08243209,0.0,0.19210144877433777
907,3,3,0.16876586,0.061540723,0.07033229,0.0,0.1687658578157425
908,3,3,0.14978716,0.053224742,0.06082827,0.0,0.14978715777397156
909,3,3,0.15234621,0.05433029,0.062091768,0.0,0.15234620869159698
910,3,3,0.14874929,0.052777827,0.060317516,0.0,0.14874929189682007
911,3,3,0.13121147,0.0453521,0.051831007,0.0,0.13121147453784943
912,3,3,0.1305707,0.04508543,0.05152619,0.0,0.1305706948041916
913,3,3,0.11172426,0.037391484,0.042733133,0.0,0.11172425746917725
914,3,3,0.102622,0.033783376,0.038609624,0.0,0.10262200236320496
915,3,3,0.10655751,0.035334527,0.040382326,0.0,0.10655751079320908
916,3,3,0.12634444,0.043334603,0.04952526,0.0,0.1263444423675537
917,3,3,0.12125734,0.041246533,0.04713887,0.0,0.12125734239816666
918,3,3,0.1401106,0.049090028,0.056102872,0.0,0.14011059701442719
919,3,3,0.14972784,0.05319923,0.060799062,0.0,0.14972783625125885
920,3,3,0.18090814,0.06700069,0.07657224,0.0,0.18090814352035522
921,3,3,0.17457429,0.06413919,0.07330197,0.0,0.17457428574562073
922,3,3,0.19982065,0.07571584,0.086532414,0.0,0.1998206526041031
923,3,3,0.17270839,0.0633018,0.0723449,0.0,0.1727083921432495
924,3,3,0.22114891,0.08584541,0.09810907,0.0,0.22114890813827515
925,3,3,0.1331819,0.046174347,0.052770674,0.0,0.13318189978599548
926,3,3,0.1578681,0.056732655,0.06483728,0.0,0.15786810219287872
927,3,3,0.12937827,0.044589996,0.050960004,0.0,0.1293782740831375
928,3,3,0.1560048,0.05591941,0.06390792,0.0,0.15600480139255524
929,3,3,0.13645843,0.047548413,0.054341078,0.0,0.13645842671394348
930,3,3,0.17316543,0.06350666,0.072579086,0.0,0.173165425658226
931,3,3,0.16805895,0.06122619,0.06997275,0.0,0.16805894672870636
932,3,3,0.13907206,0.048650563,0.055600643,0.0,0.13907206058502197
933,3,3,0.16663586,0.060594082,0.069250345,0.0,0.16663585603237152
934,3,3,0.1419501,0.04987043,0.056994796,0.0,0.1419501006603241
935,3,3,0.16106084,0.058132112,0.06643671,0.0,0.16106083989143372
936,3,3,0.16792785,0.061167896,0.069906175,0.0,0.1679278463125229
937,3,3,0.12868936,0.04430425,0.05063343,0.0,0.12868936359882355
938,3,3,0.13789855,0.04815507,0.05503434,0.0,0.1378985494375229
939,3,3,0.11995634,0.040715933,0.046532452,0.0,0.11995633691549301
940,3,3,0.13762084,0.048037946,0.054900527,0.0,0.13762083649635315
941,3,3,0.12786004,0.04396081,0.050240934,0.0,0.12786003947257996
942,3,3,0.12927306,0.044546306,0.050910056,0.0,0.12927305698394775
943,3,3,0.12417388,0.04244107,0.048504055,0.0,0.12417387962341309
944,3,3,0.1228036,0.04187894,0.047861695,0.0,0.12280359864234924
945,3,3,0.1323676,0.045834184,0.052381933,0.0,0.1323675960302353
946,3,3,0.12897009,0.04442066,0.050766468,0.0,0.12897008657455444
947,3,3,0.14599456,0.05159557,0.058966458,0.0,0.14599455893039703
948,3,3,0.13330786,0.046227038,0.052830875,0.0,0.13330785930156708
949,3,3,0.13437016,0.04667169,0.053339064,0.0,0.13437016308307648
950,3,3,0.13531515,0.047068,0.053792,0.0,0.1353151500225067
951,3,3,0.10898102,0.036296487,0.041481674,0.0,0.10898102074861526
952,3,3,0.12141439,0.041310668,0.047212183,0.0,0.12141439318656921
953,3,3,0.14218356,0.049969673,0.057108223,0.0,0.1421835571527481
954,3,3,0.12698224,0.043597937,0.049826205,0.0,0.12698224186897278
955,3,3,0.1677859,0.061104774,0.06983405,0.0,0.1677858978509903
956,3,3,0.15455918,0.05529028,0.06318891,0.0,0.1545591801404953
957,3,3,0.13113838,0.045321703,0.051796198,0.0,0.1311383843421936
958,3,3,0.1385848,0.04844469,0.055365384,0.0,0.13858479261398315
959,3,3,0.16399251,0.059423864,0.067912996,0.0,0.1639925092458725
960,3,3,0.14011565,0.049092174,0.056105316,0.0,0.1401156485080719
961,3,3,0.12680452,0.043524504,0.04974228,0.0,0.12680451571941376
962,3,3,0.10598051,0.03510624,0.040121436,0.0,0.10598050802946091
963,3,3,0.11429657,0.038424134,0.043913305,0.0,0.1142965704202652
964,3,3,0.104259096,0.034426987,0.039345086,0.0,0.10425909608602524
965,3,3,0.11624273,0.039209127,0.044810474,0.0,0.11624272912740707
966,3,3,0.115643345,0.038967013,0.04453373,0.0,0.11564334481954575
967,3,3,0.12404952,0.04238999,0.0484457,0.0,0.12404952198266983
968,3,3,0.12149724,0.041344523,0.047250867,0.0,0.121497243642807
969,3,3,0.11333896,0.03803903,0.043473184,0.0,0.11333896219730377
970,3,3,0.15683399,0.05628097,0.0643211,0.0,0.15683399140834808
971,3,3,0.14529502,0.051296294,0.058624327,0.0,0.14529502391815186
972,3,3,0.15336084,0.054769993,0.062594235,0.0,0.15336084365844727
973,3,3,0.13027929,0.044964254,0.051387727,0.0,0.1302792876958847
974,3,3,0.18911362,0.070750654,0.08085793,0.0,0.18911361694335938
975,3,3,0.1654304,0.060059786,0.068639755,0.0,0.16543039679527283
976,3,3,0.17480059,0.06424093,0.07341826,0.0,0.1748005896806717
977,3,3,0.1316586,0.045538425,0.052043915,0.0,0.13165859878063202
978,3,3,0.17717372,0.06531006,0.074640036,0.0,0.17717371881008148
979,3,3,0.18535519,0.069027066,0.07888806,0.0,0.18535518646240234
980,3,3,0.19870658,0.07519543,0.08593762,0.0,0.19870658218860626
981,3,3,0.14617379,0.05167234,0.059054136,0.0,0.14617379009723663
982,3,3,0.14264001,0.050163805,0.057330072,0.0,0.14264000952243805
983,3,3,0.16586936,0.060254216,0.06886196,0.0,0.1658693552017212
984,3,3,0.13658234,0.047600567,0.054400623,0.0,0.13658234477043152
985,3,3,0.14622913,0.051696062,0.059081256,0.0,0.14622913300991058
986,3,3,0.13301423,0.046104252,0.052690566,0.0,0.1330142319202423
987,3,3,0.13966519,0.04890144,0.05588734,0.0,0.13966518640518188
988,3,3,0.13897207,0.048608303,0.055552363,0.0,0.13897207379341125
989,3,3,0.16276409,0.05888182,0.067293525,0.0,0.16276408731937408
990,3,3,0.17674023,0.06511444,0.07441652,0.0,0.17674022912979126
991,3,3,0.16137843,0.058271766,0.06659627,0.0,0.1613784283399582
992,3,3,0.18029813,0.06672382,0.0762558,0.0,0.18029813468456268
993,3,3,0.17123581,0.06264269,0.071591616,0.0,0.1712358146905899
994,3,3,0.21272786,0.08180827,0.09349513,0.0,0.2127278596162796
995,3,3,0.15244205,0.054371715,0.062139153,0.0,0.1524420529603958
996,3,3,0.14944986,0.053079486,0.06066227,0.0,0.14944985508918762
997,3,3,0.14994784,0.053294063,0.060907543,0.0,0.14994783699512482
998,3,3,0.15769273,0.056656003,0.06474966,0.0,0.15769273042678833
999,3,3,0.14692006,0.05199212,0.059419572,0.0,0.14692005515098572
1000,3,3,0.12758495,0.043847024,0.050110877,0.0,0.12758494913578033
1001,3,3,0.17889085,0.06608617,0.07552707,0.0,0.17889085412025452
1002,3,3,0.1537558,0.054941356,0.062790096,0.0,0.1537557989358902
1003,3,3,0.1402703,0.04915768,0.05618018,0.0,0.14027029275894165
1004,3,3,0.14069861,0.049339175,0.056387663,0.0,0.1406986117362976
1005,3,3,0.15911976,0.05728036,0.065463305,0.0,0.15911975502967834
1006,3,3,0.16126677,0.05822265,0.06654018,0.0,0.1612667739391327
1007,3,3,0.19698612,0.07439351,0.08502114,0.0,0.196986123919487
1008,3,3,0.17443846,0.06407815,0.073232174,0.0,0.1744384616613388
1009,3,3,0.14500761,0.05117345,0.05848396,0.0,0.14500761032104492
1010,3,3,0.22253478,0.08651453,0.098873734,0.0,0.22253477573394775
1011,3,3,0.18720646,0.06987476,0.07985687,0.0,0.1872064620256424
1012,3,3,0.18703523,0.069796264,0.07976717,0.0,0.1870352327823639
1013,3,3,0.16457203,0.059679985,0.068205714,0.0,0.16457203030586243
1014,3,3,0.1527938,0.054524124,0.06231332,0.0,0.1527937948703766
1015,3,3,0.14974923,0.05320841,0.060809612,0.0,0.14974923431873322
1016,3,3,0.16278881,0.058892727,0.06730598,0.0,0.16278880834579468
1017,3,3,0.18849732,0.07046735,0.0805341,0.0,0.18849731981754303
1018,3,3,0.18549708,0.069091916,0.07896221,0.0,0.18549707531929016
1019,3,3,0.14943337,0.053072333,0.060654104,0.0,0.14943337440490723
1020,3,3,0.1436531,0.050595284,0.05782318,0.0,0.14365309476852417
1021,3,3,0.16226827,0.05866337,0.06704384,0.0,0.16226826608181
1022,3,3,0.14000072,0.049043477,0.056049705,0.0,0.14000071585178375
1023,3,3,0.18713804,0.06984341,0.07982105,0.0,0.18713803589344025
1024,3,3,0.16872741,0.061523616,0.07031274,0.0,0.16872741281986237
1025,3,3,0.14355902,0.05055523,0.057777345,0.0,0.1435590237379074
1026,3,3,0.1321265,0.04573357,0.052266896,0.0,0.13212649524211884
1027,3,3,0.13659741,0.047606885,0.054407895,0.0,0.1365974098443985
1028,3,3,0.13625817,0.047464192,0.054244816,0.0,0.13625817000865936
1029,3,3,0.13819367,0.048279583,0.055176616,0.0,0.13819366693496704
1030,3,3,0.15370929,0.05492115,0.06276703,0.0,0.1537092924118042
1031,3,3,0.13798931,0.048193336,0.05507809,0.0,0.13798931241035461
1032,3,3,0.14193083,0.049862266,0.056985438,0.0,0.14193083345890045
1033,3,3,0.13269468,0.045970738,0.052537978,0.0,0.13269467651844025
1034,3,3,0.16606809,0.06034231,0.06896263,0.0,0.16606809198856354
1035,3,3,0.12255582,0.04177749,0.047745705,0.0,0.12255582213401794
1036,3,3,0.12697694,0.04359573,0.0498237,0.0,0.12697693705558777
1037,3,3,0.12460358,0.04261768,0.048705876,0.0,0.12460357695817947
1038,3,3,0.13478287,0.04684466,0.053536773,0.0,0.13478286564350128
1039,3,3,0.13008599,0.044883907,0.051295877,0.0,0.1300859898328781
1040,3,3,0.1208818,0.04109323,0.04696369,0.0,0.12088180333375931
1041,3,3,0.11304947,0.0379228,0.043340325,0.0,0.1130494698882103
1042,3,3,0.12839113,0.04418069,0.050492227,0.0,0.12839113175868988
1043,3,3,0.13308984,0.046135843,0.052726686,0.0,0.1330898404121399
1044,3,3,0.13796474,0.048182964,0.055066228,0.0,0.13796474039554596
1045,3,3,0.15319861,0.0546996,0.06251383,0.0,0.15319861471652985
1046,3,3,0.2050329,0.07816213,0.08932817,0.0,0.20503289997577667
1047,3,3,0.28733695,0.13296872,0.08445406,0.118142853025347,0.28733694553375244
1048,3,3,0.22983395,0.090060234,0.102926016,0.0,0.2298339456319809
1049,3,3,0.2040387,0.07769406,0.08879316,0.0,0.20403869450092316
1050,3,3,0.26773375,0.10905266,0.12463164,0.0,0.26773375272750854
1051,3,3,0.18371809,0.068279445,0.078033626,0.0,0.18371808528900146
1052,3,3,0.22689788,0.0886296,0.101291,0.0,0.22689788043498993
1053,3,3,0.19514954,0.07354635,0.08307189,0.0017168549029520364,0.19514954090118408
1054,3,3,0.15339638,0.05478537,0.06261188,0.0,0.1533963829278946
1055,3,3,0.14530611,0.051301062,0.05862975,0.0,0.14530611038208008
1056,3,3,0.13311999,0.04614848,0.05274111,0.0,0.13311998546123505
1057,3,3,0.14324325,0.050420642,0.057623625,0.0,0.14324325323104858
1058,3,3,0.13437755,0.046674788,0.05334258,0.0,0.13437755405902863
1059,3,3,0.15304275,0.054632068,0.06243664,0.0,0.1530427485704422
1060,3,3,0.4356646,0.31331307,0.090004206,0.4691186919808388,0.4691186919808388
1061,3,3,0.149316,0.05302179,0.060596287,0.0,0.1493159979581833
1062,3,3,0.14546728,0.051369965,0.05870855,0.0,0.14546728134155273
1063,3,3,0.13416593,0.046586096,0.053241313,0.0,0.1341659277677536
1064,3,3,0.15201119,0.05418527,0.061926007,0.0,0.1520111858844757
1065,3,3,0.12202295,0.0415594,0.047496498,0.0,0.12202294915914536
1066,3,3,0.15600203,0.055918217,0.06390655,0.0,0.15600202977657318
1067,3,3,0.162141,0.05860734,0.066979825,0.0,0.16214099526405334
1068,3,3,0.12869233,0.044305503,0.05063486,0.0,0.12869232892990112
1069,3,3,0.14055373,0.049277782,0.05631745,0.0,0.14055372774600983
1070,3,3,0.11801112,0.039925218,0.045628786,0.0,0.11801111698150635
1071,3,3,0.16671143,0.06062758,0.06928867,0.0,0.16671143472194672
1072,3,3,0.16699204,0.060752153,0.06943101,0.0,0.16699203848838806
1073,3,3,0.1386225,0.048460603,0.055383563,0.0,0.1386224925518036
1074,3,3,0.20988452,0.0804562,0.09194994,0.0,0.20988452434539795
1075,3,3,0.256795,0.1034714,0.11825305,0.0,0.2567949891090393
1076,3,3,0.31126437,0.13205874,0.15092427,0.0,0.31126436591148376
1077,3,2,0.62022513,0.34209424,0.33351564,0.10053608007729053,0.6202251315116882
1078,3,3,0.6112077,0.33632737,0.32145566,0.1101074144244194,0.6112077236175537
1079,3,3,0.8943264,0.6126432,0.7001636,0.0,0.894326388835907
1080,3,3,0.59827304,0.39774257,0.22405708,0.4033852517604828,0.5982730388641357
1081,3,4,0.42314696,0.19836527,0.20637971,0.0355660769273527,0.42314696311950684
1082,3,4,0.54167277,0.30105335,0.2300793,0.19946785643696785,0.5416727662086487
1083,3,4,0.27188995,0.11119431,0.12707925,0.0,0.27188995480537415
1084,3,4,0.3086583,0.13064563,0.14930934,0.0,0.30865830183029175
1085,3,4,0.36292794,0.1638745,0.15742874,0.05224872182589024,0.36292794346809387
1086,3,4,0.39885494,0.19631594,0.14875907,0.13230346329510212,0.39885494112968445
1087,3,4,0.22685502,0.08860874,0.10126716,0.0,0.22685502469539642
1088,3,4,0.2819127,0.11640674,0.13303626,0.0,0.2819127142429352
1089,3,4,0.34890085,0.15297729,0.17483121,0.0,0.34890085458755493
1090,3,2,0.5109808,0.3512603,0.14609462,0.44685491919517517,0.5109807848930359
1091,3,2,0.31860664,0.13606453,0.15550232,0.0,0.3186066448688507
1092,3,2,0.38781157,0.17562121,0.20071,0.0,0.3878115713596344
1093,3,2,0.3071723,0.12984192,0.14839077,0.0,0.3071722984313965
1094,3,2,0.24430224,0.09719592,0.111081064,0.0,0.24430224299430847
1095,3,2,0.40014082,0.18301624,0.2091614,0.0,0.40014082193374634
1096,3,3,0.5648928,0.29462713,0.31020206,0.046400663210079074,0.5648928284645081
1097,3,3,0.6315689,0.48718333,0.22710145,0.5769392251968384,0.6315689086914062
1098,3,2,0.4608501,0.22102934,0.25260496,0.0,0.4608500897884369
1099,3,2,0.5548843,0.4758212,0.15002543,0.6890980005264282,0.6890980005264282
1100,3,2,0.5883765,0.37623107,0.22510672,0.35852543264627457,0.588376522064209
1101,3,2,0.36873463,0.16438878,0.18787289,0.0,0.3687346279621124
1102,3,4,0.7852606,0.6205751,0.4012831,0.5389047414064407,0.7852606177330017
1103,3,2,0.40753227,0.18750113,0.21428698,0.0,0.407532274723053
1104,3,2,0.9095443,0.6346055,0.7252634,0.0,0.9095442891120911
1105,3,5,0.50412524,0.24983132,0.2855215,0.0,0.5041252374649048
1106,3,5,0.58246756,0.30596244,0.34967136,0.0,0.5824675559997559
1107,3,5,0.37740687,0.16946357,0.19367266,0.0,0.37740686535835266
1108,3,5,0.91600484,0.6443922,0.7364482,0.0,0.9160048365592957
1109,3,3,0.4751591,0.23039013,0.26330298,0.0,0.4751591086387634
1110,3,3,0.5978313,0.31763214,0.36300814,0.0,0.5978313088417053
1111,3,2,0.5600613,0.28934896,0.33068454,0.0,0.5600612759590149
1112,3,2,0.8602805,0.652791,0.4558651,0.3600194603204727,0.8602805137634277
1113,3,2,0.39578688,0.1803925,0.20616287,0.0,0.3957868814468384
1114,3,2,0.42274034,0.19685209,0.2249738,0.0,0.4227403402328491
1115,3,6,0.7895825,0.517092,0.46272653,0.22441241890192032,0.7895824909210205
1116,3,6,0.6968678,0.39903122,0.45603567,0.0,0.696867823600769
1117,3,3,0.5522341,0.33954543,0.2038464,0.3223596438765526,0.5522341132164001
1118,3,4,0.61231166,0.32884723,0.3758254,0.0,0.6123116612434387
1119,3,3,0.5935377,0.4195804,0.20666313,0.477500319480896,0.5935376882553101
1120,3,4,0.5518064,0.37461638,0.17962503,0.43488892912864685,0.5518063902854919
1121,3,4,0.47582564,0.24074131,0.21010315,0.11380203627049923,0.47582563757896423
1122,3,4,0.60107523,0.3363346,0.29362142,0.15883169323205948,0.6010752320289612
1123,3,4,0.586881,0.4649505,0.18384022,0.6081806123256683,0.6081806123256683
1124,3,4,0.341603,0.14884615,0.17010987,0.0,0.34160301089286804
1125,3,3,0.559023,0.40766352,0.17245662,0.5135280638933182,0.5590230226516724
1126,3,3,0.66546047,0.4160099,0.25969636,0.24733030423521996,0.665460467338562
1127,3,3,0.3689278,0.16450125,0.18800145,0.0,0.36892780661582947
1128,3,5,0.7896414,0.6313385,0.40669328,0.5509636700153351,0.7896413803100586
1129,3,2,0.39557117,0.18026286,0.2060147,0.0,0.39557117223739624
1130,3,2,0.8016658,0.6519128,0.42349744,0.5627051591873169,0.8016657829284668
1131,3,2,0.8399815,0.58243936,0.51862633,0.25728267431259155,0.8399814963340759
1132,3,2,0.4801723,0.23370719,0.2670939,0.0,0.4801723062992096
1133,3,5,0.63116336,0.3437767,0.39288765,0.0,0.6311633586883545
1134,3,2,0.77552253,0.47355354,0.53002495,0.019563401816412807,0.7755225300788879
1135,3,4,1.0,0.875,1.0,0.0,1.0
1136,3,2,0.51685303,0.25858867,0.2955299,0.0,0.5168530344963074
1137,3,2,0.6046677,0.32475364,0.34316403,0.0489703337661922,0.6046677231788635
1138,4,4,0.37923452,0.1705398,0.1949026,0.0,0.37923452258110046
1139,4,4,0.4408301,0.2081939,0.2379359,0.0,0.4408301115036011
1140,4,4,0.30578905,0.12909514,0.14753729,0.0,0.305789053440094
1141,4,4,0.34693843,0.15186286,0.17355752,0.0,0.34693843126296997
1142,4,4,0.3190578,0.13631183,0.15578496,0.0,0.31905779242515564
1143,4,4,0.2214512,0.08599126,0.09827572,0.0,0.22145119309425354
1144,4,4,0.2406829,0.09539753,0.10902578,0.0,0.24068289995193481
1145,4,4,0.25190306,0.1010015,0.115430295,0.0,0.25190305709838867
1146,4,4,0.32660306,0.14046848,0.1605354,0.0,0.3266030550003052
1147,4,4,0.2179289,0.08429593,0.09633821,0.0,0.2179289013147354
1148,4,4,0.19155858,0.0718773,0.08214551,0.0,0.1915585845708847
1149,4,4,0.20307517,0.07724106,0.08827549,0.0,0.20307517051696777
1150,4,4,0.22875582,0.08953422,0.10232484,0.0,0.22875581681728363
1151,4,4,0.22894073,0.089624405,0.10242784,0.0,0.22894072532653809
1152,4,4,0.42129248,0.20124888,0.18585801,0.07724614324979484,0.4212924838066101
1153,4,4,0.20277147,0.07709843,0.08811247,0.0,0.20277146995067596
1154,4,4,0.187887,0.07018703,0.080213726,0.0,0.18788699805736542
1155,4,4,0.15960065,0.057491124,0.06570417,0.0,0.1596006453037262
1156,4,4,0.19446892,0.07322395,0.083684504,0.0,0.1944689154624939
1157,4,4,0.21787892,0.08427197,0.096310794,0.0,0.21787892282009125
1158,4,4,0.19625227,0.074052095,0.084630966,0.0,0.1962522715330124
1159,4,4,0.16521113,0.05996269,0.06852883,0.0,0.16521112620830536
1160,4,4,0.1608616,0.058044553,0.06633663,0.0,0.16086159646511078
1161,4,4,0.24389009,0.096990705,0.11084652,0.0,0.24389009177684784
1162,4,4,0.21400595,0.082417846,0.09419185,0.0,0.2140059471130371
1163,4,4,0.16137327,0.0582695,0.06659371,0.0,0.16137327253818512
1164,4,4,0.20553067,0.07839674,0.08959627,0.0,0.20553067326545715
1165,4,4,0.19462693,0.07329726,0.08376825,0.0,0.19462692737579346
1166,4,4,0.152546,0.054416835,0.062190652,0.0,0.1525460034608841
1167,4,4,0.17234722,0.063139975,0.072160006,0.0,0.17234721779823303
1168,4,4,0.20425391,0.07779533,0.08890891,0.0,0.2042539119720459
1169,4,4,0.16010916,0.057714164,0.06595904,0.0,0.16010916233062744
1170,4,4,0.15094773,0.05372554,0.061400592,0.0,0.15094773471355438
1171,4,4,0.22545943,0.08793086,0.10049236,0.0,0.22545942664146423
1172,4,4,0.16683333,0.0606817,0.06935048,0.0,0.1668333262205124
1173,4,4,0.22848172,0.08940065,0.10217214,0.0,0.228481724858284
1174,4,4,0.18133043,0.067192495,0.076791465,0.0,0.18133042752742767
1175,4,4,0.19563589,0.073765576,0.08430356,0.0,0.19563588500022888
1176,4,4,0.1462519,0.051705778,0.059092283,0.0,0.14625190198421478
1177,4,4,0.15283428,0.054541707,0.062333345,0.0,0.15283428132534027
1178,4,4,0.14166068,0.049747467,0.056854248,0.0,0.141660675406456
1179,4,4,0.17844321,0.06588364,0.07529557,0.0,0.17844320833683014
1180,4,4,0.24591467,0.09799999,0.11199999,0.0,0.24591466784477234
1181,4,4,0.235893,0.09303123,0.106321394,0.0,0.23589299619197845
1182,4,4,0.2176085,0.08414215,0.09616244,0.0,0.2176084965467453
1183,4,4,0.21823134,0.084441185,0.09650421,0.0,0.21823133528232574
1184,4,4,0.24594167,0.09801346,0.11201537,0.0,0.2459416687488556
1185,4,4,0.19185703,0.07201511,0.08230299,0.0,0.19185702502727509
1186,4,4,0.34329748,0.16030431,0.12221664,0.10672945715487003,0.34329748153686523
1187,4,4,0.26745048,0.108907044,0.12446523,0.0,0.2674504816532135
1188,4,4,0.45667493,0.273512,0.13570917,0.3095329701900482,0.4566749334335327
1189,4,4,0.17706078,0.0652591,0.0745818,0.0,0.1770607829093933
1190,4,4,0.3160138,0.13678086,0.13209826,0.04238974582403898,0.31601381301879883
1191,4,4,0.13879362,0.048532903,0.055466175,0.0,0.13879361748695374
1192,4,4,0.22250608,0.086500645,0.09885788,0.0,0.2225060760974884
1193,4,4,0.15694758,0.05633056,0.064377785,0.0,0.15694758296012878
1194,4,4,0.16274476,0.058873296,0.06728381,0.0,0.16274476051330566
1195,4,4,0.21451312,0.08266008,0.09446865,0.0,0.2145131230354309
1196,4,4,0.16321686,0.059081495,0.06752169,0.0,0.16321685910224915
1197,4,4,0.48799217,0.50695455,0.09067929,0.8552202880382538,0.8552202880382538
1198,4,4,0.23909113,0.09460944,0.10812509,0.0,0.23909112811088562
1199,4,4,0.38734302,0.22106057,0.10066712,0.26595364138484,0.38734301924705505
1200,4,3,0.38780987,0.21310914,0.109009564,0.23545158840715885,0.3878098726272583
1201,4,4,0.22901016,0.08965826,0.10246658,0.0,0.22901016473770142
1202,4,4,0.2905676,0.12474722,0.110314906,0.05644332093652338,0.2905676066875458
1203,4,4,0.22606239,0.08822358,0.10082698,0.0,0.22606238722801208
1204,4,3,0.2742495,0.11241537,0.12847471,0.0,0.27424949407577515
1205,4,3,0.33685657,0.16776907,0.098950446,0.16237485129386187,0.33685657382011414
1206,4,3,0.4407142,0.25232816,0.13511997,0.26819629967212677,0.4407142102718353
1207,4,4,0.33198565,0.16476011,0.09663218,0.16041385103017092,0.3319856524467468
1208,4,4,0.40003905,0.20928866,0.12970233,0.19159815087914467,0.40003904700279236
1209,4,4,0.21727955,0.083984315,0.095982134,0.0,0.2172795534133911
1210,4,3,0.47165468,0.3161996,0.12331116,0.4166047275066376,0.4716546833515167
1211,4,3,0.33000576,0.1524238,0.11541319,0.10287451883777976,0.3300057649612427
1212,4,4,0.32080805,0.15109134,0.10254371,0.12273117247968912,0.3208080530166626
1213,4,4,0.22674945,0.08855742,0.10120851,0.0,0.226749449968338
1214,4,4,0.17765817,0.06552881,0.07489008,0.0,0.17765817046165466
1215,4,3,0.2511633,0.10066897,0.112320304,0.004777420347636507,0.2511633038520813
1216,4,3,0.34434745,0.1677103,0.10982996,0.14321815129369497,0.34434744715690613
1217,4,3,0.23298143,0.09177011,0.09930152,0.009762638452230021,0.23298142850399017
1218,4,3,0.2070305,0.07910472,0.090405345,0.0,0.2070305049419403
1219,4,3,0.21855575,0.08459699,0.09668231,0.0,0.218555748462677
1220,4,4,0.53769475,0.52076083,0.1300103,0.8140036761760712,0.8140036761760712
1221,4,3,0.51935315,0.29305524,0.202532,0.231679555028677,0.5193531513214111
1222,4,4,0.28507438,0.11806494,0.13493139,0.0,0.285074383020401
1223,4,4,0.35717982,0.16776657,0.13151157,0.10538788558915257,0.35717982053756714
1224,4,4,0.18806784,0.07027006,0.080308616,0.0,0.18806783854961395
1225,4,4,0.2467689,0.09842664,0.112487555,0.0,0.24676890671253204
1226,4,4,0.1482307,0.052554846,0.060062647,0.0,0.14823070168495178
1227,4,4,0.26675195,0.10854846,0.124055326,0.0,0.2667519450187683
1228,4,4,0.22089389,0.08572245,0.09796852,0.0,0.22089388966560364
1229,4,4,0.22517705,0.08779383,0.10033584,0.0,0.22517704963684082
1230,4,4,0.17201427,0.062990904,0.071989596,0.0,0.1720142662525177
1231,4,4,0.18677346,0.06967628,0.07963002,0.0,0.18677346408367157
1232,4,4,0.18830091,0.07037711,0.080430925,0.0,0.18830090761184692
1233,4,4,0.21490999,0.08284968,0.094685376,0.0,0.21490998566150665
1234,4,4,0.21182828,0.08137989,0.0930056,0.0,0.21182827651500702
1235,4,4,0.23272388,0.091474175,0.1045419,0.0,0.2327238768339157
1236,4,4,0.27315363,0.11184782,0.12782604,0.0,0.2731536328792572
1237,4,4,0.2466267,0.09835559,0.11240637,0.0,0.24662670493125916
1238,4,4,0.18184629,0.06742698,0.07705945,0.0,0.18184629082679749
1239,4,4,0.17327765,0.06355703,0.072636604,0.0,0.17327764630317688
1240,4,4,0.18628524,0.06945264,0.07937443,0.0,0.18628524243831635
1241,4,4,0.17478827,0.06423539,0.07341188,0.0,0.17478826642036438
1242,4,4,0.13329948,0.04622352,0.05282688,0.0,0.13329948484897614
1243,4,4,0.15604024,0.055934846,0.063925564,0.0,0.1560402363538742
1244,4,4,0.16655289,0.060557246,0.069208324,0.0,0.16655288636684418
1245,4,4,0.16674685,0.060643315,0.06930661,0.0,0.1667468547821045
1246,4,4,0.18066047,0.06688827,0.07644373,0.0,0.18066047132015228
1247,4,4,0.19774155,0.07474536,0.08542329,0.0,0.1977415531873703
1248,4,4,0.30954275,0.13112473,0.14985687,0.0,0.3095427453517914
1249,4,4,0.2921637,0.121807516,0.13920856,0.0,0.2921636998653412
1250,4,4,0.44276634,0.20942217,0.23933959,0.0,0.44276633858680725
1251,4,2,0.59523636,0.5605849,0.1802848,0.8056713342666626,0.8056713342666626
1252,4,2,0.5632102,0.47753036,0.15760678,0.6792488098144531,0.6792488098144531
1253,4,2,0.5366323,0.45065904,0.13770336,0.6603372097015381,0.6603372097015381
1254,4,4,0.31728017,0.13533813,0.15467215,0.0,0.3172801733016968
1255,4,2,0.534797,0.34438616,0.17742932,0.3782709687948227,0.5347970128059387
1256,4,4,0.3908456,0.19399267,0.13905388,0.14464101940393448,0.3908455967903137
1257,4,4,0.32329226,0.13953656,0.14415884,0.026795108249643818,0.32329225540161133
1258,4,4,0.25979704,0.10499513,0.1199944,0.0,0.25979703664779663
1259,4,4,0.58625364,0.3378657,0.25993264,0.2208494171500206,0.5862536430358887
1260,4,4,0.2806754,0.11575961,0.13229674,0.0,0.28067541122436523
1261,4,4,0.25376543,0.10193992,0.11650276,0.0,0.25376543402671814
1262,4,4,0.24613884,0.09811187,0.11212796,0.0,0.24613884091377258
1263,4,4,0.25965074,0.104920745,0.119909406,0.0,0.25965073704719543
1264,4,4,0.50257844,0.30644476,0.16525626,0.32369109988212585,0.5025784373283386
1265,4,4,0.2727554,0.111641765,0.1275906,0.0,0.2727554142475128
1266,4,4,0.4881864,0.23905092,0.2732011,0.0,0.48818638920783997
1267,4,4,0.5851995,0.38916516,0.2122593,0.4068765267729759,0.5851994752883911
1268,4,3,0.6352439,0.5448558,0.22104967,0.702874630689621,0.702874630689621
1269,4,4,0.43444267,0.21011734,0.19254816,0.08327531861141324,0.4344426691532135
1270,4,4,0.58696306,0.39,0.21402413,0.40545768290758133,0.5869630575180054
1271,4,4,0.48015094,0.23798692,0.23098648,0.0717475030105561,0.4801509380340576
1272,4,4,0.35529438,0.1566264,0.17900157,0.0,0.3552943766117096
1273,4,4,0.28529978,0.118183434,0.13506675,0.0,0.28529977798461914
1274,4,4,0.52306914,0.33914196,0.16668713,0.3865813910961151,0.5230691432952881
1275,4,4,0.37210935,0.1663574,0.19012278,0.0,0.3721093535423279
1276,4,4,0.4618238,0.23861021,0.18504345,0.15339417848736048,0.46182379126548767
1277,4,4,0.2545076,0.10231453,0.1169309,0.0,0.2545076012611389
1278,4,4,0.26672697,0.10853565,0.12404072,0.0,0.2667269706726074
1279,4,4,0.2898365,0.12057525,0.13780028,0.0,0.28983649611473083
1280,4,4,0.26509485,0.1076988,0.12308437,0.0,0.2650948464870453
1281,4,4,0.34146428,0.14876795,0.17002052,0.0,0.3414642810821533
1282,4,4,0.25060135,0.10034698,0.11468226,0.0,0.2506013512611389
1283,4,4,0.20357196,0.077474535,0.08854234,0.0,0.20357196033000946
1284,4,4,0.23111597,0.0906868,0.10364205,0.0,0.23111596703529358
1285,4,4,0.21623951,0.08348584,0.09541237,0.0,0.21623951196670532
1286,4,4,0.22206506,0.08628762,0.098614395,0.0,0.2220650613307953
1287,4,4,0.18324299,0.06806284,0.07778609,0.0,0.18324299156665802
1288,4,4,0.21850313,0.08457172,0.0966534,0.0,0.21850313246250153
1289,4,4,0.23636428,0.09326333,0.106586695,0.0,0.23636427521705627
1290,4,4,0.19514398,0.07353717,0.08404249,0.0,0.19514398276805878
1291,4,4,0.27638325,0.11352277,0.1297403,0.0,0.27638325095176697
1292,4,4,0.20871086,0.07989973,0.09131396,0.0,0.20871086418628693
1293,4,4,0.40914816,0.18848681,0.21541351,0.0,0.4091481566429138
1294,4,4,0.23477401,0.09248066,0.10569215,0.0,0.23477400839328766
1295,4,4,0.37821093,0.16993678,0.19421345,0.0,0.3782109320163727
1296,4,2,0.3380651,0.14685643,0.16783595,0.0,0.33806508779525757
1297,4,4,0.42994896,0.20134294,0.23010617,0.0,0.42994895577430725
1298,4,4,0.34929484,0.15320134,0.17508727,0.0,0.34929484128952026
1299,4,4,0.30971244,0.1312167,0.14996195,0.0,0.3097124397754669
1300,4,4,0.20396101,0.07765752,0.088751435,0.0,0.20396101474761963
1301,4,4,0.3276286,0.14103639,0.16118449,0.0,0.32762861251831055
1302,4,4,0.24122989,0.09566879,0.10933572,0.0,0.24122989177703857
1303,4,4,0.2311556,0.09070617,0.10366416,0.0,0.2311556041240692
1304,4,4,0.23706527,0.093608916,0.106981575,0.0,0.23706527054309845
1305,4,4,0.26433986,0.10731238,0.122642756,0.0,0.2643398642539978
1306,4,4,0.28263363,0.116784275,0.13346773,0.0,0.28263363242149353
1307,4,4,0.2503215,0.100206435,0.11452162,0.0,0.25032150745391846
1308,4,4,0.2671126,0.108733594,0.12426698,0.0,0.2671126127243042
1309,4,4,0.4860209,0.24291736,0.23136508,0.08094581170007586,0.48602089285850525
1310,4,3,0.7134717,0.49536914,0.33275992,0.40840835124254227,0.7134717106819153
1311,4,4,0.5607092,0.3278792,0.22795326,0.2568401098251343,0.5607091784477234
1312,4,4,0.2870757,0.119118094,0.13613492,0.0,0.2870756983757019
1313,4,4,0.5423226,0.38779056,0.16261142,0.4910111427307129,0.54232257604599
1314,4,4,0.29124853,0.12132245,0.13865429,0.0,0.29124853014945984
1315,4,4,0.22417052,0.08730596,0.099778235,0.0,0.22417052090168
1316,4,4,0.45756507,0.23756218,0.17903233,0.1618178840726614,0.4575650691986084
1317,4,4,0.3298117,0.14273763,0.15191174,0.01962970758904703,0.329811692237854
1318,4,4,0.27974296,0.11527264,0.13174015,0.0,0.279742956161499
1319,4,4,0.46176678,0.22191334,0.24387753,0.01704093125590589,0.46176677942276
1320,4,4,0.26949722,0.10995996,0.12566853,0.0,0.26949721574783325
1321,4,4,0.35140663,0.15440416,0.17646188,0.0,0.35140663385391235
1322,4,4,0.2698513,0.11014235,0.12587702,0.0,0.26985129714012146
1323,4,4,0.22969167,0.089990795,0.10284662,0.0,0.22969166934490204
1324,4,3,0.57422274,0.503168,0.1643238,0.7187693417072296,0.7187693417072296
1325,4,4,0.49776778,0.28874618,0.17495698,0.2713175602257252,0.49776777625083923
1326,4,4,0.32689694,0.14063114,0.1607213,0.0,0.32689693570137024
1327,4,4,0.24372636,0.096909165,0.11075336,0.0,0.24372635781764984
1328,4,4,0.2744462,0.11251736,0.12859124,0.0,0.27444618940353394
1329,4,4,0.5357606,0.5032287,0.12953043,0.7797791659832001,0.7797791659832001
1330,4,3,0.5922653,0.5108973,0.18083823,0.7053275406360626,0.7053275406360626
1331,4,4,0.4430483,0.21001649,0.22846174,0.02022490178933367,0.44304829835891724
1332,4,4,0.35659263,0.1574024,0.17704952,0.004968129951521405,0.3565926253795624
1333,4,4,0.3381852,0.14692384,0.16791296,0.0,0.33818519115448
1334,4,4,0.2516247,0.10086149,0.11527026,0.0,0.2516247034072876
1335,4,4,0.55165035,0.4070754,0.16478992,0.5257684588432312,0.55165034532547
1336,4,4,0.4764959,0.2819035,0.15299839,0.2960598058998585,0.4764958918094635
1337,4,4,0.534412,0.30314487,0.2144767,0.23095546662807465,0.5344120264053345
1338,4,4,0.5867961,0.39852768,0.2089054,0.4314708262681961,0.5867961049079895
1339,4,4,0.5777501,0.3024252,0.3456288,0.0,0.5777500867843628
1340,4,4,0.36394137,0.1616062,0.1846928,0.0,0.36394137144088745
1341,4,4,0.6055502,0.46081543,0.20512581,0.5626607537269592,0.605550229549408
1342,4,4,0.25548926,0.10281056,0.1174978,0.0,0.2554892599582672
1343,4,4,0.30742714,0.12997967,0.14854819,0.0,0.30742713809013367
1344,4,4,0.24691916,0.09850174,0.112573385,0.0,0.2469191551208496
1345,4,4,0.19061917,0.071443915,0.0816502,0.0,0.19061917066574097
1346,4,4,0.20983201,0.08043128,0.09192145,0.0,0.20983201265335083
1347,4,4,0.17221202,0.06307942,0.072090805,0.0,0.17221201956272125
1348,4,4,0.14388509,0.050694227,0.05793625,0.0,0.14388509094715118
1349,4,4,0.16306162,0.05901301,0.06744349,0.0,0.16306161880493164
1350,4,4,0.15746644,0.05655712,0.06463671,0.0,0.15746644139289856
1351,4,4,0.2147191,0.082758486,0.09458113,0.0,0.21471910178661346
1352,4,4,0.22182466,0.08617151,0.098481715,0.0,0.22182466089725494
1353,4,4,0.18145531,0.06724924,0.076856256,0.0,0.1814553141593933
1354,4,4,0.19866888,0.07517785,0.08591753,0.0,0.19866888225078583
1355,4,4,0.21243706,0.08166975,0.09333682,0.0,0.21243706345558167
1356,4,4,0.19118118,0.071703136,0.08194643,0.0,0.19118118286132812
1357,4,4,0.26737237,0.10886693,0.12441933,0.0,0.26737236976623535
1358,4,4,0.20452407,0.07792246,0.08905429,0.0,0.20452407002449036
1359,4,4,0.36903343,0.17134672,0.14723188,0.0850375541485846,0.36903342604637146
1360,4,4,0.22001684,0.08529985,0.09748554,0.0,0.22001683712005615
1361,4,4,0.27369124,0.11212617,0.12814415,0.0,0.27369123697280884
1362,4,3,0.48098022,0.27734923,0.16326386,0.26898666471242905,0.4809802174568176
1363,4,3,0.2537741,0.10194421,0.11650771,0.0,0.25377410650253296
1364,4,3,0.35502636,0.15647286,0.1788261,0.0,0.35502636432647705
1365,4,3,0.3482693,0.15261835,0.17442095,0.0,0.3482693135738373
1366,4,1,0.64725,0.47755116,0.24875104,0.5197881013154984,0.6472499966621399
1367,4,1,0.50466174,0.25019777,0.2859403,0.0,0.5046617388725281
1368,4,4,0.7822723,0.6110599,0.39813435,0.5253847688436508,0.7822722792625427
1369,4,1,0.5313684,0.26874137,0.30713302,0.0,0.5313683748245239
1370,4,1,0.5311823,0.26861006,0.30698293,0.0,0.5311822891235352
1371,4,4,0.3658857,0.16273302,0.18598056,0.0,0.3658857047557831
1372,4,4,0.38962126,0.1767,0.2019428,0.0,0.3896212577819824
1373,4,4,0.40303817,0.18476957,0.21116525,0.0,0.4030381739139557
1374,4,4,0.3324841,0.14373493,0.1642685,0.0,0.33248409628868103
1375,4,4,0.255315,0.102722466,0.11739713,0.0,0.25531500577926636
1376,4,2,0.23844385,0.09428948,0.10775936,0.0,0.23844385147094727
1377,4,2,0.52497804,0.40381616,0.13886505,0.5646184384822845,0.5646184384822845
1378,4,2,0.20400484,0.077678144,0.08877498,0.0,0.20400483906269073
1379,4,4,0.58992857,0.5235669,0.17717922,0.7370700836181641,0.7370700836181641
1380,4,2,0.2516536,0.10087597,0.11528683,0.0,0.25165361166000366
1381,4,2,0.54895014,0.48963386,0.14257145,0.7297676205635071,0.7297676205635071
1382,4,4,0.28792065,0.11956352,0.136644,0.0,0.28792065382003784
1383,4,2,0.30210203,0.12711078,0.14526951,0.0,0.3021020293235779
1384,4,4,0.47092396,0.28338218,0.14475828,0.3134373314678669,0.4709239602088928
1385,4,2,0.26649305,0.1084156,0.12390357,0.0,0.2664930522441864
1386,4,4,0.27856332,0.11465734,0.131037,0.0,0.27856332063674927
1387,4,2,0.62880677,0.49085808,0.22301126,0.5914465188980103,0.6288067698478699
1388,4,2,0.34276855,0.15172076,0.14791685,0.044587019248865545,0.3427685499191284
1389,4,4,0.24057704,0.09534508,0.108965814,0.0,0.24057704210281372
1390,4,4,0.30060104,0.12630558,0.14434922,0.0,0.3006010353565216
1391,4,2,0.31972137,0.13667583,0.156201,0.0,0.31972137093544006
1392,4,2,0.27271873,0.11162281,0.1275689,0.0,0.27271872758865356
1393,4,2,0.5258341,0.31148928,0.1920821,0.28683483973145485,0.5258340835571289
1394,4,2,0.49674207,0.2759732,0.1879803,0.22298087179660797,0.4967420697212219
1395,4,2,0.30744708,0.12999046,0.14856052,0.0,0.30744707584381104
1396,4,4,0.30785042,0.13020855,0.14880973,0.0,0.3078504204750061
1397,4,4,0.52321047,0.3523929,0.15893632,0.4266473203897476,0.5232104659080505
1398,4,4,0.48355478,0.29673022,0.14939475,0.33201953768730164,0.48355478048324585
1399,4,4,0.18774585,0.07012224,0.0801397,0.0,0.1877458542585373
1400,4,4,0.16984107,0.062019885,0.07087988,0.0,0.16984106600284576
1401,4,4,0.15190893,0.054141045,0.061875463,0.0,0.15190893411636353
1402,4,4,0.15550213,0.05570048,0.06365764,0.0,0.15550212562084198
1403,4,4,0.14093135,0.04943788,0.056500494,0.0,0.14093135297298431
1404,4,4,0.17960945,0.066411614,0.075899005,0.0,0.17960944771766663
1405,4,4,0.28960663,0.120453715,0.1376614,0.0,0.28960663080215454
1406,4,4,0.3373031,0.146429,0.16734743,0.0,0.337303102016449
1407,4,4,0.2372845,0.09371704,0.107105196,0.0,0.23728449642658234
1408,4,4,0.30472288,0.12852037,0.14688045,0.0,0.3047228753566742
1409,4,4,0.3364862,0.14597118,0.16682422,0.0,0.33648619055747986
1410,4,4,0.59184045,0.5474309,0.1774354,0.784349650144577,0.784349650144577
1411,4,4,0.6090791,0.53284526,0.19518477,0.7241171598434448,0.7241171598434448
1412,4,4,0.40326837,0.18490916,0.21132475,0.0,0.40326836705207825
1413,4,2,0.6994065,0.54407334,0.2956798,0.5707069486379623,0.6994065046310425
1414,4,4,0.3414148,0.14874005,0.16998869,0.0,0.34141480922698975
1415,4,3,0.6242912,0.5000422,0.21590745,0.6222463846206665,0.624291181564331
1416,4,2,0.33111882,0.14297456,0.16339952,0.0,0.3311188220977783
1417,4,2,0.52849436,0.2931298,0.21788824,0.20495519042015076,0.5284943580627441
1418,4,3,0.29418948,0.12288314,0.14043784,0.0,0.2941894829273224
1419,5,5,0.96604717,0.73540306,0.84046066,0.0,0.9660471677780151
1420,5,5,0.6220132,0.46477258,0.22269249,0.5398333668708801,0.6220132112503052
1421,5,5,0.5818425,0.4542907,0.18133295,0.5912485867738724,0.5912485867738724
1422,5,0,0.6218178,0.555094,0.20642614,0.7489422857761383,0.7489422857761383
1423,5,0,0.3070153,0.1297571,0.14829385,0.0,0.3070152997970581
1424,5,0,0.5827849,0.5343947,0.16955632,0.7720658481121063,0.7720658481121063
1425,5,5,0.5253076,0.3327943,0.17370844,0.36159882694482803,0.5253075957298279
1426,5,5,0.4870747,0.23830664,0.2723505,0.0,0.48707470297813416
1427,5,5,0.43372345,0.20370948,0.23281085,0.0,0.43372344970703125
1428,5,5,0.4178484,0.19382596,0.22151542,0.0,0.4178484082221985
1429,5,5,0.37853158,0.1701256,0.19442928,0.0,0.3785315752029419
1430,5,5,0.3394973,0.14766085,0.1687553,0.0,0.33949729800224304
1431,5,5,0.33129883,0.14307475,0.16351402,0.0,0.331298828125
1432,5,5,0.4626289,0.24418724,0.17697418,0.17866969108581543,0.46262890100479126
1433,5,5,0.72813493,0.4628827,0.38484204,0.2522917315363884,0.7281349301338196
1434,5,5,0.51271296,0.25999337,0.25544786,0.07295293966308236,0.5127129554748535
1435,5,5,0.4171879,0.1934188,0.22105002,0.0,0.41718789935112
1436,5,5,0.33497077,0.14512312,0.16585505,0.0,0.33497077226638794
1437,5,5,0.3414599,0.1487655,0.17001766,0.0,0.34145990014076233
1438,5,5,0.46677002,0.22488296,0.2570091,0.0,0.4667700231075287
1439,5,5,0.571038,0.37716794,0.20153475,0.401650033891201,0.571038007736206
1440,5,5,0.6795241,0.3865713,0.40710962,0.060700759291648865,0.6795241236686707
1441,5,5,0.43571654,0.20497245,0.23261309,0.002871983664590516,0.43571653962135315
1442,5,3,0.69405204,0.39655083,0.453201,0.0,0.6940520405769348
1443,5,3,0.78349644,0.52722514,0.43765938,0.2885463833808899,0.7834964394569397
1444,5,3,0.90612906,0.62955,0.7194857,0.0,0.9061290621757507
1445,5,4,0.8273303,0.67216206,0.46301818,0.5340422987937927,0.8273302912712097
1446,5,2,0.65228206,0.49241596,0.2501248,0.5471134781837463,0.6522820591926575
1447,5,3,0.92303574,0.70912397,0.5856377,0.273855272680521,0.923035740852356
1448,5,2,0.47944167,0.23322254,0.26654005,0.0,0.47944167256355286
1449,5,3,0.58375454,0.30693108,0.3507784,0.0,0.5837545394897461
1450,5,2,0.5281861,0.26650023,0.3045717,0.0,0.5281860828399658
1451,5,5,0.7150343,0.4153027,0.4746316,0.0,0.7150343060493469
1452,5,2,0.34759545,0.15223569,0.17398363,0.0,0.3475954532623291
1453,5,2,0.6893034,0.55820227,0.28064543,0.6252750754356384,0.6893033981323242
1454,5,2,0.5620658,0.29445428,0.29725468,0.06871281075291336,0.5620657801628113
1455,5,2,0.84445643,0.5486318,0.6270078,0.0,0.8444564342498779
1456,5,2,0.6505701,0.58152837,0.2352497,0.7513697445392609,0.7513697445392609
1457,5,2,0.4025075,0.18444806,0.21079779,0.0,0.4025075137615204
1458,5,5,0.39935336,0.18254066,0.20861793,0.0,0.39935335516929626
1459,5,2,0.4358953,0.20507604,0.23437262,0.0,0.43589529395103455
1460,5,2,0.6773532,0.50509,0.27766347,0.5242688357830048,0.6773532032966614
1461,5,5,0.26295334,0.10660368,0.12183279,0.0,0.26295334100723267
1462,5,5,0.640855,0.37657094,0.31321883,0.20500882901251316,0.6408550143241882
1463,5,5,0.2997631,0.12585676,0.14383632,0.0,0.29976311326026917
1464,5,5,0.17539379,0.06450778,0.0737232,0.0,0.17539379000663757
1465,5,5,0.25559253,0.102862775,0.117557466,0.0,0.2555925250053406
1466,5,5,0.18524718,0.068977654,0.07883161,0.0,0.18524718284606934
1467,5,5,0.2312775,0.090765774,0.10373235,0.0,0.2312774956226349
1468,5,5,0.30065086,0.12989384,0.11689675,0.05521830660291016,0.30065086483955383
1469,5,5,0.1699502,0.06206858,0.07093549,0.0,0.1699502021074295
1470,5,5,0.28695655,0.11905533,0.13606322,0.0,0.2869565486907959
1471,5,5,0.3512882,0.15433663,0.17638469,0.0,0.35128819942474365
1472,5,5,0.7642688,0.4619931,0.5279921,0.0,0.7642688155174255
1473,5,5,0.91914773,0.6492667,0.7420192,0.0,0.9191477298736572
1474,5,5,0.63636327,0.550388,0.22175401,0.7127063870429993,0.7127063870429993
1475,5,2,0.78717375,0.48520863,0.5545242,0.0,0.7871737480163574
1476,5,3,0.7174289,0.6147664,0.3105849,0.6860092282295227,0.7174289226531982
1477,5,3,0.68697566,0.39036477,0.44613117,0.0,0.6869756579399109
1478,5,2,0.7913929,0.5227179,0.4603632,0.23980021104216576,0.7913929224014282
1479,5,5,0.6226096,0.4662671,0.22290003,0.5424590855836868,0.6226096153259277
1480,5,3,0.7609503,0.6348424,0.36597925,0.6292211711406708,0.7609503269195557
1481,5,3,0.488792,0.23945683,0.27366495,0.0,0.4887920022010803
1482,5,5,0.34511867,0.15083176,0.17237914,0.0,0.3451186716556549
1483,5,5,0.64811003,0.35753077,0.4086066,0.0,0.648110032081604
1484,5,5,0.63249254,0.496705,0.22577542,0.5983030945062637,0.6324925422668457
1485,5,5,0.26940548,0.10991269,0.12561452,0.0,0.2694054841995239
1486,5,5,0.30735856,0.13128549,0.13140243,0.03261672967346385,0.3073585629463196
1487,5,5,0.2640444,0.10716128,0.12247002,0.0,0.2640444040298462
1488,5,5,0.46383423,0.25452316,0.16443133,0.2212915327399969,0.4638342261314392
1489,5,7,0.31513,0.1341632,0.15332937,0.0,0.31512999534606934
1490,5,5,0.60818183,0.4904163,0.20049936,0.6299586445093155,0.6299586445093155
1491,5,5,0.6480422,0.3725242,0.33759385,0.15425919741392136,0.6480422019958496
1492,5,7,0.67129517,0.5427214,0.26148152,0.6278501152992249,0.671295166015625
1493,5,7,0.438454,0.20669043,0.23621762,0.0,0.4384540021419525
1494,5,7,0.53061813,0.2682122,0.30652827,0.0,0.5306181311607361
1495,5,7,0.6306698,0.34338087,0.3924353,0.0,0.6306697726249695
1496,5,7,0.2472913,0.09868783,0.112786114,0.0,0.24729129672050476
1497,5,7,0.36147687,0.16018164,0.18306476,0.0,0.361476868391037
1498,5,7,0.42618704,0.19899464,0.22742248,0.0,0.42618703842163086
1499,5,5,0.31739745,0.13540232,0.15474552,0.0,0.31739744544029236
1500,5,5,0.29070136,0.121032774,0.13832319,0.0,0.29070135951042175
1501,5,5,0.5909975,0.49071175,0.18262178,0.6618353128433228,0.6618353128433228
1502,5,5,0.2673762,0.10886896,0.124421656,0.0,0.26737621426582336
1503,5,5,0.22037424,0.08547199,0.0976823,0.0,0.2203742414712906
1504,5,5,0.17008299,0.06212783,0.0710032,0.0,0.17008298635482788
1505,5,5,0.15487674,0.055428326,0.063346684,0.0,0.1548767387866974
1506,5,5,0.4816067,0.34956306,0.1170485,0.49429117143154144,0.49429117143154144
1507,5,5,0.21989314,0.085240304,0.097417474,0.0,0.21989314258098602
1508,5,7,0.4650599,0.35522383,0.0995546,0.5362271517515182,0.5362271517515182
1509,5,7,0.4600795,0.34650606,0.09830123,0.5209849923849106,0.5209849923849106
1510,5,7,0.18569182,0.069181025,0.07906401,0.0,0.18569181859493256
1511,5,7,0.20681614,0.07900339,0.09028959,0.0,0.20681613683700562
1512,5,7,0.3273881,0.15172315,0.11225301,0.10700357193127275,0.32738810777664185
1513,5,5,0.46246395,0.35878062,0.09603125,0.5495065599679947,0.5495065599679947
1514,5,7,0.4074298,0.25471997,0.09555268,0.3422226682305336,0.4074298143386841
1515,5,7,0.49151874,0.4882183,0.09449428,0.8110716342926025,0.8110716342926025
1516,5,7,0.49712616,0.5276629,0.097052395,0.8854840397834778,0.8854840397834778
1517,5,5,0.42902258,0.30520797,0.087699234,0.4569423124194145,0.4569423124194145
1518,5,5,0.1732683,0.0635528,0.07263178,0.0,0.17326830327510834
1519,5,5,0.297552,0.14119709,0.08512211,0.13343046698719263,0.2975519895553589
1520,5,5,0.2382411,0.09764707,0.08304995,0.049956638482399285,0.23824110627174377
1521,5,7,0.2743215,0.11430293,0.109390795,0.03717193671036512,0.2743214964866638
1522,5,7,0.41807264,0.2578807,0.10435903,0.333133090287447,0.4180726408958435
1523,5,5,0.52849436,0.5307004,0.12192345,0.8480347394943237,0.8480347394943237
1524,5,5,0.35031432,0.18502146,0.094150305,0.20527994073927402,0.35031431913375854
1525,5,5,0.45779625,0.33149552,0.10225922,0.484037384390831,0.484037384390831
1526,5,7,0.43126667,0.2806146,0.10286498,0.3812154084444046,0.4312666654586792
1527,5,7,0.37708324,0.20549905,0.10400754,0.22898493707180023,0.3770832419395447
1528,5,7,0.50734335,0.36662185,0.13518965,0.4966617673635483,0.5073433518409729
1529,5,5,0.5192111,0.417557,0.12935239,0.6087474375963211,0.6087474375963211
1530,5,7,0.4894993,0.31303173,0.14464891,0.3729277402162552,0.4894993007183075
1531,5,7,0.25356802,0.10184026,0.11638886,0.0,0.25356802344322205
1532,5,7,0.21057914,0.08078599,0.09232682,0.0,0.21057914197444916
1533,5,7,0.21216643,0.08154082,0.09318954,0.0,0.212166428565979
1534,5,7,0.17485996,0.064267635,0.07344872,0.0,0.17485995590686798
1535,5,7,0.22517307,0.08779192,0.10033363,0.0,0.22517307102680206
1536,5,7,0.17063405,0.062373817,0.071284354,0.0,0.17063404619693756
1537,5,7,0.19566274,0.07377809,0.0843178,0.0,0.1956627368927002
1538,5,7,0.19562298,0.073759615,0.0842967,0.0,0.195622980594635
1539,5,7,0.18559992,0.069139004,0.07901597,0.0,0.1855999231338501
1540,5,7,0.2134767,0.0821653,0.093903184,0.0,0.21347670257091522
1541,5,7,0.25303513,0.10157168,0.11608189,0.0,0.25303512811660767
1542,5,7,0.45377412,0.3017813,0.11309779,0.4056415781378746,0.4537741243839264
1543,5,7,0.4159457,0.23438412,0.121812284,0.25559673830866814,0.41594570875167847
1544,5,7,0.36827865,0.1766622,0.13284266,0.12084972206503153,0.3682786524295807
1545,5,7,0.5265094,0.4509241,0.12844765,0.6770648062229156,0.6770648062229156
1546,5,5,0.532701,0.51158714,0.12630099,0.802147626876831,0.802147626876831
1547,5,5,0.23672731,0.09344226,0.10679114,0.0,0.23672731220722198
1548,5,5,0.20854817,0.07982266,0.09122592,0.0,0.2085481733083725
1549,5,5,0.5152407,0.52104765,0.111423075,0.8471049070358276,0.8471049070358276
1550,5,5,0.4620517,0.31860006,0.1123358,0.44061242043972015,0.4620516896247864
1551,5,7,0.39344934,0.20493335,0.12616354,0.18908056430518627,0.3934493362903595
1552,5,5,0.52367604,0.39275473,0.14134711,0.5381519794464111,0.5381519794464111
1553,5,7,0.5743446,0.5356281,0.1616565,0.78835728764534,0.78835728764534
1554,5,5,0.5616824,0.5426815,0.14997834,0.8229009807109833,0.8229009807109833
1555,5,7,0.31258455,0.13277632,0.15174437,0.0,0.3125845491886139
1556,5,7,0.511147,0.37759405,0.13455951,0.5197088867425919,0.5197088867425919
1557,5,7,0.49038944,0.29434478,0.1598463,0.3089585304260254,0.4903894364833832
1558,5,7,0.41173965,0.22702336,0.124165,0.236758004873991,0.41173964738845825
1559,5,7,0.26189804,0.106065154,0.12121731,0.0,0.2618980407714844
1560,5,7,0.50305796,0.2986923,0.17260337,0.2953284867107868,0.5030579566955566
1561,5,7,0.19761747,0.07468754,0.08535719,0.0,0.19761747121810913
1562,5,7,0.1893159,0.0708437,0.08096427,0.0,0.18931590020656586
1563,5,7,0.2181563,0.084405124,0.096463025,0.0,0.21815629303455353
1564,5,7,0.31507453,0.14810741,0.09905177,0.12287420406937599,0.31507453322410583
1565,5,7,0.35138568,0.16309023,0.13127923,0.09644170431420207,0.3513856828212738
1566,5,7,0.54167455,0.4469028,0.14320147,0.6432029753923416,0.6432029753923416
1567,5,7,0.6074236,0.54991424,0.19234717,0.7632209658622742,0.7632209658622742
1568,5,5,0.5830518,0.45997608,0.18109739,0.6030316352844238,0.6030316352844238
1569,5,5,0.5356921,0.43619788,0.14003742,0.6273303776979446,0.6273303776979446
1570,5,5,0.47878617,0.32885605,0.123877525,0.4409264624118805,0.4787861704826355
1571,5,5,0.5886016,0.44703633,0.19067717,0.5603876858949661,0.5886015892028809
1572,5,5,0.60673475,0.46593755,0.20493627,0.5732365548610687,0.6067347526550293
1573,5,5,0.49194747,0.3429907,0.13026375,0.45801983028650284,0.4919474720954895
1574,5,5,0.3640873,0.1887232,0.1071586,0.18991885147988796,0.36408731341362
1575,5,5,0.50291765,0.42895,0.112050116,0.6618122607469559,0.6618122607469559
1576,5,7,0.23751277,0.09382969,0.10723394,0.0,0.2375127673149109
1577,5,7,0.5327887,0.48443788,0.12885928,0.7433720529079437,0.7433720529079437
1578,5,7,0.34873644,0.15288383,0.1747244,0.0,0.348736435174942
1579,5,7,0.22878785,0.08954984,0.102342665,0.0,0.2287878543138504
1580,5,7,0.23918943,0.09465808,0.10818064,0.0,0.23918943107128143
1581,5,7,0.20239423,0.076921344,0.087910056,0.0,0.20239423215389252
1582,5,7,0.21621412,0.08347368,0.095398486,0.0,0.216214120388031
1583,5,7,0.23228584,0.09125948,0.104296565,0.0,0.23228584229946136
1584,5,7,0.30125466,0.12665606,0.14474982,0.0,0.30125465989112854
1585,5,7,0.26835543,0.1093722,0.12499684,0.0,0.26835542917251587
1586,5,7,0.22868489,0.08949965,0.102285326,0.0,0.22868488729000092
1587,5,7,0.5348021,0.46277922,0.13377136,0.6914586126804352,0.6914586126804352
1588,5,7,0.47139812,0.27417403,0.15355861,0.27962052822113037,0.47139811515808105
1589,5,5,0.4960162,0.34488767,0.13352072,0.4561140239238739,0.4960162043571472
1590,5,5,0.46452954,0.3117683,0.1184386,0.41626905649900436,0.46452954411506653
1591,5,5,0.27918625,0.115612745,0.12014961,0.020963664224836975,0.2791862487792969
1592,5,5,0.2049239,0.078110754,0.08926946,0.0,0.20492389798164368
1593,5,5,0.27011728,0.11027944,0.12603366,0.0,0.27011728286743164
1594,5,5,0.22775224,0.089045286,0.10176605,0.0,0.22775223851203918
1595,5,5,0.22494818,0.08768284,0.10020894,0.0,0.22494818270206451
1596,5,5,0.16919401,0.061731458,0.0705502,0.0,0.16919401288032532
1597,5,5,0.19159791,0.07189548,0.082166255,0.0,0.19159790873527527
1598,5,5,0.18166552,0.067344785,0.07696551,0.0,0.18166552484035492
1599,5,5,0.24176404,0.095933795,0.10963863,0.0,0.24176403880119324
1600,5,5,0.22279349,0.08663958,0.09901667,0.0,0.22279348969459534
1601,5,5,0.230908,0.09058505,0.10352582,0.0,0.23090800642967224
1602,5,5,0.2347712,0.09247929,0.1056906,0.0,0.23477120697498322
1603,5,5,0.27750966,0.11410862,0.13040984,0.0,0.2775096595287323
1604,5,5,0.2435526,0.09682274,0.11065453,0.0,0.24355259537696838
1605,5,5,0.43036535,0.26034826,0.11586571,0.31793152168393135,0.43036535382270813
1606,5,5,0.2844846,0.117755115,0.13457727,0.0,0.2844845950603485
1607,5,5,0.49864128,0.3857249,0.11968219,0.5620060414075851,0.5620060414075851
1608,5,5,0.19600561,0.073937416,0.084499896,0.0,0.19600561261177063
1609,5,5,0.23018867,0.090233505,0.10312396,0.0,0.23018866777420044
1610,5,5,0.21955206,0.08507609,0.09722984,0.0,0.21955205500125885
1611,5,5,0.24012971,0.09512347,0.108712554,0.0,0.24012970924377441
1612,5,5,0.25568935,0.10291183,0.117613494,0.0,0.2556893527507782
1613,5,5,0.22497675,0.08769667,0.10022479,0.0,0.22497674822807312
1614,5,5,0.22768463,0.089012384,0.10172844,0.0,0.2276846319437027
1615,5,5,0.17047353,0.062302113,0.07120246,0.0,0.17047353088855743
1616,5,5,0.37535465,0.18680006,0.12614357,0.15284882951527834,0.3753546476364136
1617,5,5,0.18609989,0.06936777,0.079277456,0.0,0.18609988689422607
1618,5,5,0.25755495,0.10385656,0.11869323,0.0,0.25755494832992554
1619,5,5,0.2114099,0.08118087,0.09277809,0.0,0.21140989661216736
1620,5,5,0.24063309,0.095372856,0.108997524,0.0,0.24063308537006378
1621,5,5,0.23392306,0.09206253,0.10521436,0.0,0.2339230626821518
1622,5,5,0.20645536,0.07883304,0.090094924,0.0,0.20645536482334137
1623,5,5,0.28831768,0.11977297,0.13688338,0.0,0.2883176803588867
1624,5,5,0.3120202,0.13246948,0.15139365,0.0,0.3120202124118805
1625,5,5,0.445964,0.24363267,0.15164828,0.22188087180256844,0.4459640085697174
1626,5,5,0.31404585,0.13357198,0.1526537,0.0,0.31404584646224976
1627,5,5,0.25962695,0.104908645,0.11989558,0.0,0.25962695479393005
1628,5,5,0.22955567,0.089924395,0.102770746,0.0,0.2295556664466858
1629,5,5,0.21714768,0.083921075,0.095909774,0.0,0.21714767813682556
1630,5,5,0.1918048,0.07199103,0.08227545,0.0,0.19180479645729065
1631,5,5,0.24539402,0.09774017,0.11170304,0.0,0.2453940212726593
1632,5,5,0.22184412,0.086180925,0.0984925,0.0,0.2218441218137741
1633,5,5,0.26976162,0.11009616,0.12582421,0.0,0.2697616219520569
1634,5,5,0.19940218,0.07552028,0.0863089,0.0,0.19940218329429626
1635,5,5,0.21399577,0.08241296,0.09418625,0.0,0.2139957696199417
1636,5,5,0.20190382,0.07669127,0.08764714,0.0,0.2019038200378418
1637,5,5,0.20738754,0.07927346,0.090598226,0.0,0.2073875367641449
1638,5,5,0.17650463,0.06500822,0.0742951,0.0,0.17650462687015533
1639,5,5,0.21033177,0.08066851,0.09219259,0.0,0.2103317677974701
1640,5,5,0.20036538,0.07597059,0.08682358,0.0,0.20036537945270538
1641,5,5,0.19497475,0.07345861,0.083952725,0.0,0.19497475028038025
1642,5,5,0.24541248,0.09774935,0.11171359,0.0,0.24541248381137848
1643,5,5,0.2523076,0.10120517,0.11566305,0.0,0.25230759382247925
1644,5,5,0.1982042,0.074961066,0.085669816,0.0,0.19820420444011688
1645,5,5,0.21089579,0.08093643,0.09249878,0.0,0.21089579164981842
1646,5,5,0.28186145,0.12002754,0.10592395,0.05468819884117693,0.28186145424842834
1647,5,5,0.31332505,0.14111924,0.11087459,0.08820796106010675,0.31332504749298096
1648,5,5,0.23220658,0.091223,0.10362673,0.00109920788980844,0.2322065830230713
1649,5,5,0.23905766,0.09459287,0.108106196,0.0,0.23905766010284424
1650,5,5,0.45639065,0.30985802,0.111272216,0.4249896705150604,0.4563906490802765
1651,5,5,0.5066096,0.48297864,0.10695869,0.7787794768810272,0.7787794768810272
1652,5,5,0.43646088,0.2318899,0.15279359,0.19639099203050137,0.4364608824253082
1653,5,5,0.24655706,0.09832078,0.11236668,0.0,0.2465570569038391
1654,5,5,0.5943343,0.3442101,0.2663902,0.22223734110593796,0.5943343043327332
1655,5,5,0.39425606,0.17947322,0.20511222,0.0,0.394256055355072
1656,5,5,0.2335127,0.09186107,0.104984105,0.0,0.23351269960403442
1657,5,5,0.3338006,0.14699882,0.14088303,0.04745230998378247,0.33380061388015747
1658,5,3,0.5334719,0.3035741,0.21238786,0.23546932265162468,0.5334718823432922
1659,5,3,0.26701888,0.10868549,0.12421197,0.0,0.2670188844203949
1660,5,3,0.17300521,0.06343484,0.07249695,0.0,0.17300520837306976
1661,5,3,0.34992558,0.15356028,0.17549747,0.0,0.34992557764053345
1662,5,3,0.41250825,0.1905424,0.21776277,0.0,0.4125082492828369
1663,5,5,0.6435146,0.35376894,0.4043073,0.0,0.6435145735740662
1664,5,5,0.45037612,0.21427661,0.24488759,0.0,0.45037612318992615
1665,5,3,0.82586116,0.54558116,0.5253476,0.1718040071427822,0.8258611559867859
1666,5,5,0.4534112,0.21622479,0.24711406,0.0,0.45341119170188904
1667,5,5,0.5306306,0.26822102,0.30653828,0.0,0.5306305885314941
1668,5,5,0.25982872,0.105011225,0.12001282,0.0,0.25982871651649475
1669,5,5,0.3118348,0.13236868,0.15127844,0.0,0.31183481216430664
1670,5,5,0.5138131,0.26769358,0.23477972,0.12452266830950975,0.5138130784034729
1671,5,7,0.6744476,0.379575,0.43380004,0.0,0.6744475960731506
1672,5,5,0.5448171,0.2783097,0.3180682,0.0,0.5448170900344849
1673,5,5,0.75930387,0.59806883,0.3357569,0.5250192324165255,0.759303867816925
1674,5,5,0.5499399,0.34580517,0.19572586,0.3490900471806526,0.5499398708343506
1675,5,3,0.43162435,0.23151964,0.14606702,0.20742189697921276,0.4316243529319763
1676,5,3,0.31580693,0.13453275,0.15375173,0.0,0.31580692529678345
1677,5,3,0.34465626,0.1505701,0.17208016,0.0,0.3446562588214874
1678,5,3,0.49339724,0.24255288,0.27720326,0.0,0.49339723587036133
1679,5,2,0.80272645,0.6507697,0.42513585,0.557551771402359,0.8027264475822449
1680,5,3,0.67662483,0.42966062,0.31905812,0.3009694367647171,0.6766248345375061
1681,5,3,0.5308701,0.26838988,0.30673128,0.0,0.5308700799942017
1682,5,5,0.953402,0.737253,0.73980784,0.17984231188893318,0.9534019827842712
1683,5,3,0.72936755,0.6113566,0.32540697,0.653251051902771,0.7293675541877747
1684,5,3,0.6730624,0.37839437,0.43245065,0.0,0.6730623841285706
1685,5,5,0.6031451,0.32172287,0.3676833,0.0,0.6031451225280762
1686,5,4,0.8693403,0.57927513,0.6620288,0.0,0.8693403005599976
1687,5,5,0.6744029,0.38561535,0.38676566,0.0943907187320292,0.6744028925895691
1688,5,4,0.81084824,0.562981,0.46709615,0.30854377150535583,0.8108482360839844
1689,5,5,0.45643973,0.21817583,0.24934381,0.0,0.456439733505249
1690,5,3,0.4225995,0.19676477,0.22487402,0.0,0.4225994944572449
1691,5,5,0.6389781,0.519558,0.22841287,0.6393934786319733,0.6393934786319733
1692,5,3,0.47739437,0.23647195,0.22773117,0.07441434683278203,0.47739437222480774
1693,5,3,0.78831977,0.50928277,0.47037947,0.1954014040529728,0.7883197665214539
1694,5,3,0.54997003,0.2820179,0.32230616,0.0,0.5499700307846069
1695,5,7,0.73351675,0.4323613,0.4941272,0.0,0.7335167527198792
1696,5,3,0.9559303,0.7138936,0.8158784,0.0,0.9559302926063538
1697,5,5,0.80479485,0.50382906,0.5758046,0.0,0.8047948479652405
1698,5,6,0.7209977,0.4207492,0.48085624,0.0,0.72099769115448
1699,5,6,0.5401333,0.27495933,0.31423926,0.0,0.5401332974433899
1700,5,6,0.56921667,0.3973701,0.18835706,0.4651152789592743,0.5692166686058044
1701,5,6,0.59521437,0.429183,0.20452255,0.5004514455795288,0.5952143669128418
1702,5,6,0.726127,0.42547715,0.48625958,0.0,0.726127028465271
1703,5,3,0.52601194,0.2786895,0.2382747,0.1403982751071453,0.5260119438171387
1704,5,3,0.4882243,0.23907632,0.27323014,0.0,0.4882242977619171
1705,5,6,0.5973704,0.31727862,0.36260414,0.0,0.5973703861236572
1706,5,6,0.73832023,0.4368832,0.49929512,0.0,0.7383202314376831
1707,5,5,0.5849653,0.30784386,0.35182154,0.0,0.5849652886390686
1708,5,5,0.5653438,0.29566687,0.30611682,0.055629364447668195,0.5653437972068787
1709,5,5,0.5952384,0.31564635,0.3607387,0.0,0.5952383875846863
1710,5,5,0.61959994,0.53202844,0.20597506,0.7036005854606628,0.7036005854606628
1711,5,5,0.40006214,0.18296868,0.20910704,0.0,0.4000621438026428
1712,5,5,0.3661553,0.16288948,0.18615937,0.0,0.3661552965641022
1713,5,5,0.2830103,0.116981626,0.13369328,0.0,0.2830103039741516
1714,5,5,0.39110407,0.1775856,0.20295495,0.0,0.3911040723323822
1715,5,5,0.313765,0.13341898,0.15247881,0.0,0.3137649893760681
1716,5,5,0.2972084,0.124491215,0.14227563,0.0,0.29720839858055115
1717,5,5,0.30639127,0.1294201,0.14790869,0.0,0.30639126896858215
1718,5,5,0.35046104,0.15386516,0.17584592,0.0,0.35046103596687317
1719,5,5,0.30093673,0.12648559,0.14455497,0.0,0.3009367287158966
1720,5,5,0.3727779,0.16674834,0.19056952,0.0,0.37277790904045105
1721,5,5,0.38918927,0.17644227,0.20164835,0.0,0.3891892731189728
1722,5,5,0.41389528,0.19139332,0.21873522,0.0,0.41389527916908264
1723,5,7,0.6124847,0.32898247,0.37598002,0.0,0.6124846935272217
1724,5,7,0.36448732,0.16192234,0.18505412,0.0,0.36448732018470764
1725,5,7,0.4096812,0.18881238,0.21578556,0.0,0.40968120098114014
1726,5,7,0.7306573,0.42968714,0.49107105,0.0,0.7306572794914246
1727,5,7,0.43116835,0.20210636,0.23097867,0.0,0.4311683475971222
1728,5,1,0.53917146,0.27504772,0.29721725,0.029965276014991105,0.5391714572906494
1729,5,1,0.39598414,0.18051106,0.20629841,0.0,0.39598414301872253
1730,5,1,0.268129,0.10925579,0.124863744,0.0,0.26812899112701416
1731,5,1,0.75617045,0.45402813,0.5188893,0.0,0.7561704516410828
1732,5,7,1.0,0.875,1.0,0.0,1.0
1733,5,1,0.65294224,0.36151296,0.41315764,0.0,0.6529422402381897
1734,5,5,0.36291504,0.16101241,0.1840142,0.0,0.3629150390625
1735,5,5,0.4365161,0.20546728,0.23481977,0.0,0.4365161061286926
1736,5,5,0.39042228,0.1779061,0.18856478,0.02582381246611476,0.3904222846031189
1737,5,5,0.34972695,0.15344721,0.17536825,0.0,0.34972694516181946
1738,5,5,0.41194633,0.19253981,0.19201088,0.04906057065818459,0.4119463264942169
1739,6,6,0.6281267,0.36502498,0.303811,0.198380708694458,0.6281266808509827
1740,6,6,0.33203658,0.14348555,0.16398352,0.0,0.3320365846157074
1741,6,6,0.347266,0.15204865,0.17376989,0.0,0.34726598858833313
1742,6,6,0.5001686,0.24713606,0.2824412,0.0,0.5001686215400696
1743,6,6,0.3344786,0.14484805,0.16554064,0.0,0.33447858691215515
1744,6,5,0.9261023,0.66034293,0.75467765,0.0,0.9261022806167603
1745,6,6,0.45544556,0.21994722,0.22187722,0.051609256654046476,0.4554455578327179
1746,6,6,0.47346458,0.22927332,0.2620266,0.0,0.47346457839012146
1747,6,6,0.32599804,0.1401338,0.16015285,0.0,0.3259980380535126
1748,6,6,0.31664345,0.13498992,0.15427417,0.0,0.31664344668388367
1749,6,6,0.3332416,0.14415741,0.16475129,0.0,0.33324161171913147
1750,6,6,0.47628278,0.2508614,0.19021398,0.16884824819862843,0.4762827754020691
1751,6,6,0.4455946,0.21324974,0.21704465,0.0466713533969596,0.4455946087837219
1752,6,6,0.53399384,0.30240202,0.214728,0.22902999445796013,0.5339938402175903
1753,6,4,0.83154255,0.66468966,0.43853486,0.4766001240350306,0.8315425515174866
1754,6,1,0.7153068,0.48552823,0.34149146,0.3734463229775429,0.71530681848526
1755,6,1,0.57184243,0.4399379,0.17495453,0.57370525598526,0.57370525598526
1756,6,1,0.27276602,0.11164725,0.12759686,0.0,0.27276602387428284
1757,6,1,0.39621136,0.18064767,0.20645452,0.0,0.3962113559246063
1758,6,4,0.70458525,0.51044464,0.31261104,0.47381994128227234,0.7045852541923523
1759,6,6,0.8173259,0.5175205,0.591452,0.0,0.8173258900642395
1760,6,6,0.7134605,0.4138741,0.47299898,0.0,0.7134605050086975
1761,6,2,1.0,0.875,1.0,0.0,1.0
1762,6,2,0.45941874,0.2201016,0.2515447,0.0,0.45941874384880066
1763,6,1,0.5959336,0.33317763,0.27135134,0.14733869163319468,0.5959336161613464
1764,6,2,0.31077012,0.1317904,0.1506176,0.0,0.3107701241970062
1765,6,1,0.53823835,0.37043577,0.16626143,0.4499139115214348,0.5382383465766907
1766,6,2,0.5071991,0.33555168,0.15056407,0.4076162278652191,0.5071991086006165
1767,6,2,0.5009757,0.36897993,0.12791336,0.5141115188598633,0.5141115188598633
1768,6,1,0.57336044,0.498344,0.16411972,0.7094785273075104,0.7094785273075104
1769,6,6,0.6576994,0.42959797,0.28774416,0.3556436225771904,0.6576994061470032
1770,6,6,0.461131,0.22121161,0.25281322,0.0,0.4611310064792633
1771,6,6,0.3613007,0.16007996,0.18294853,0.0,0.3613007068634033
1772,6,6,0.52138793,0.26174146,0.29913306,0.0,0.5213879346847534
1773,6,6,0.5113355,0.26302916,0.24073696,0.10476860264316201,0.5113354921340942
1774,6,6,0.61970025,0.49721956,0.21147704,0.624354362487793,0.624354362487793
1775,6,6,0.2299308,0.09010756,0.10298002,0.0,0.2299308031797409
1776,6,6,0.18644378,0.06952524,0.0794574,0.0,0.1864437758922577
1777,6,6,0.14945208,0.05308038,0.060663283,0.0,0.1494520753622055
1778,6,6,0.15939504,0.057401,0.06560111,0.0,0.1593950390815735
1779,6,6,0.15378645,0.054954648,0.062805295,0.0,0.15378645062446594
1780,6,6,0.19344394,0.07274902,0.083141685,0.0,0.19344393908977509
1781,6,6,0.14014928,0.04910642,0.056121588,0.0,0.1401492804288864
1782,6,6,0.14405221,0.050765514,0.05801773,0.0,0.14405220746994019
1783,6,6,0.24024984,0.095182955,0.10878056,0.0,0.2402498424053192
1784,6,6,0.2610759,0.10601735,0.112351894,0.015418891722219996,0.2610759139060974
1785,6,6,0.29809377,0.12496394,0.14281595,0.0,0.2980937659740448
1786,6,6,0.22835246,0.08933765,0.102100134,0.0,0.22835245728492737
1787,6,6,0.37859738,0.17016435,0.1944735,0.0,0.3785973787307739
1788,6,6,0.6784845,0.54901415,0.2513849,0.608473380212672,0.6784844994544983
1789,6,4,0.7501133,0.5583075,0.36217523,0.48280829191207886,0.750113308429718
1790,6,6,0.55044717,0.32800728,0.21183449,0.2853041850030422,0.5504471659660339
1791,6,6,0.36276487,0.16092563,0.18391502,0.0,0.3627648651599884
1792,6,6,0.22964734,0.08996916,0.10282189,0.0,0.22964733839035034
1793,6,6,0.20618592,0.07870585,0.08994955,0.0,0.20618592202663422
1794,6,6,0.16926453,0.06176287,0.070586145,0.0,0.1692645251750946
1795,6,6,0.2093707,0.080212474,0.09167141,0.0,0.2093707025051117
1796,6,6,0.11477589,0.038617194,0.0441339,0.0,0.1147758886218071
1797,6,6,0.12683325,0.043536365,0.04975587,0.0,0.1268332451581955
1798,6,6,0.10730058,0.035628915,0.040718794,0.0,0.10730057954788208
1799,6,6,0.1324509,0.045868933,0.05242169,0.0,0.1324508935213089
1800,6,6,0.122324035,0.0416826,0.047637224,0.0,0.12232403457164764
1801,6,6,0.11878699,0.04024023,0.0459888,0.0,0.11878699064254761
1802,6,6,0.11648285,0.039306223,0.0449214,0.0,0.11648284643888474
1803,6,6,0.12254569,0.04177332,0.047740936,0.0,0.12254568934440613
1804,6,6,0.11130971,0.037225604,0.04254353,0.0,0.1113097071647644
1805,6,6,0.10683614,0.035444856,0.04050839,0.0,0.10683614015579224
1806,6,6,0.13334982,0.04624456,0.052850902,0.0,0.13334982097148895
1807,6,6,0.1291885,0.04451126,0.05087,0.0,0.12918849289417267
1808,6,6,0.15135328,0.05390072,0.061600804,0.0,0.15135328471660614
1809,6,6,0.19113016,0.07167959,0.08191955,0.0,0.1911301612854004
1810,6,6,0.11290651,0.0378654,0.04327476,0.0,0.11290650814771652
1811,6,6,0.14785245,0.052392364,0.05987698,0.0,0.14785245060920715
1812,6,6,0.13118824,0.045342445,0.05181998,0.0,0.13118824362754822
1813,6,6,0.16444789,0.05962509,0.06814295,0.0,0.16444788873195648
1814,6,6,0.13232622,0.0458169,0.052362204,0.0,0.13232621550559998
1815,6,6,0.16940965,0.06182754,0.070660055,0.0,0.1694096475839615
1816,6,6,0.1153551,0.038850725,0.04440081,0.0,0.11535509675741196
1817,6,6,0.12053523,0.040951848,0.046802104,0.0,0.1205352321267128
1818,6,6,0.11901287,0.04033202,0.046093762,0.0,0.11901286989450455
1819,6,6,0.14422128,0.050837636,0.058100164,0.0,0.14422127604484558
1820,6,6,0.11568241,0.03898281,0.04455179,0.0,0.11568240821361542
1821,6,6,0.13725373,0.047883213,0.05472368,0.0,0.13725373148918152
1822,6,6,0.1481881,0.052536547,0.060041785,0.0,0.14818809926509857
1823,6,6,0.14905226,0.05290824,0.060466528,0.0,0.14905226230621338
1824,6,6,0.15811317,0.056839764,0.064959764,0.0,0.15811316668987274
1825,6,6,0.24805544,0.09907019,0.113223076,0.0,0.24805544316768646
1826,6,6,0.21150811,0.08122754,0.09283149,0.0,0.211508110165596
1827,6,6,0.19660434,0.07421583,0.084818125,0.0,0.19660434126853943
1828,6,6,0.22094545,0.0857473,0.09799695,0.0,0.22094544768333435
1829,6,6,0.21193609,0.08143121,0.09306419,0.0,0.2119360864162445
1830,6,6,0.15245284,0.054376423,0.062144518,0.0,0.15245284140110016
1831,6,6,0.13486572,0.04687941,0.05357647,0.0,0.13486571609973907
1832,6,6,0.15671475,0.056228936,0.064261675,0.0,0.15671475231647491
1833,6,6,0.15474288,0.055370152,0.063280165,0.0,0.15474288165569305
1834,6,6,0.17645802,0.06498718,0.07427108,0.0,0.17645801603794098
1835,6,6,0.16157953,0.05836022,0.06669736,0.0,0.16157953441143036
1836,6,6,0.13429245,0.046639144,0.05330187,0.0,0.13429245352745056
1837,6,6,0.16152932,0.058338106,0.06667215,0.0,0.1615293174982071
1838,6,6,0.15535225,0.055635214,0.063583136,0.0,0.15535224974155426
1839,6,6,0.22481981,0.087620616,0.10013783,0.0,0.22481980919837952
1840,6,6,0.1970451,0.07442099,0.08505255,0.0,0.19704510271549225
1841,6,6,0.33719873,0.14637047,0.16728055,0.0,0.33719873428344727
1842,6,6,0.16515483,0.059937775,0.06850034,0.0,0.165154829621315
1843,6,6,0.40605152,0.21202546,0.13469285,0.18833852373063564,0.40605151653289795
1844,6,6,0.2653438,0.10782635,0.1232301,0.0,0.2653437852859497
1845,6,6,0.17640303,0.06496239,0.07424277,0.0,0.17640303075313568
1846,6,6,0.19359729,0.07282001,0.083222866,0.0,0.19359728693962097
1847,6,6,0.16416666,0.059500813,0.06800091,0.0,0.164166659116745
1848,6,6,0.19083436,0.07154316,0.081763625,0.0,0.19083435833454132
1849,6,6,0.18473129,0.06874192,0.07856214,0.0,0.18473128974437714
1850,6,6,0.24285555,0.09647602,0.11025834,0.0,0.24285554885864258
1851,6,6,0.17839403,0.065861404,0.075270176,0.0,0.17839403450489044
1852,6,6,0.14889295,0.052839637,0.060388207,0.0,0.14889295399188995
1853,6,6,0.17084917,0.0624699,0.071394145,0.0,0.17084917426109314
1854,6,6,0.14540493,0.05134332,0.05867803,0.0,0.14540493488311768
1855,6,6,0.15219407,0.054264486,0.062016487,0.0,0.1521940678358078
1856,6,6,0.15898547,0.057221532,0.06539607,0.0,0.1589854657649994
1857,6,6,0.1582861,0.056915402,0.06504619,0.0,0.15828609466552734
1858,6,6,0.15464981,0.05532968,0.06323391,0.0,0.15464980900287628
1859,6,6,0.18020746,0.0666827,0.07620883,0.0,0.18020746111869812
1860,6,6,0.20338674,0.07738745,0.0884428,0.0,0.20338673889636993
1861,6,6,0.25292057,0.10151386,0.11601585,0.0,0.25292056798934937
1862,6,6,0.26546016,0.10788602,0.12329835,0.0,0.26546016335487366
1863,6,6,0.31024912,0.1315077,0.15029454,0.0,0.31024911999702454
1864,6,6,0.22539155,0.0878979,0.10045475,0.0,0.22539155185222626
1865,6,6,0.20152101,0.0765118,0.08744204,0.0,0.20152100920677185
1866,6,6,0.42841494,0.2479555,0.12406129,0.2788037173449993,0.4284149408340454
1867,6,3,0.60240877,0.5675995,0.18702024,0.8079135417938232,0.8079135417938232
1868,6,6,0.2577276,0.10394418,0.11879331,0.0,0.25772759318351746
1869,6,6,0.3882221,0.21516633,0.10737777,0.24242150411009789,0.3882220983505249
1870,6,6,0.20570314,0.0784781,0.089689195,0.0,0.20570313930511475
1871,6,6,0.20351122,0.077445984,0.08850968,0.0,0.20351122319698334
1872,6,6,0.16072862,0.05798614,0.066269875,0.0,0.16072861850261688
1873,6,6,0.24020018,0.09515834,0.10875243,0.0,0.24020017683506012
1874,6,6,0.19601898,0.073943615,0.08450699,0.0,0.1960189789533615
1875,6,6,0.16915996,0.06171626,0.07053286,0.0,0.16915996372699738
1876,6,6,0.15931602,0.05736637,0.06556153,0.0,0.1593160182237625
1877,6,6,0.1718921,0.06293625,0.07192713,0.0,0.17189210653305054
1878,6,6,0.22490592,0.08766234,0.10018557,0.0,0.22490592300891876
1879,6,6,0.15719128,0.056436956,0.06449938,0.0,0.15719127655029297
1880,6,6,0.3129647,0.13698149,0.1224094,0.0597464635502547,0.31296470761299133
1881,6,6,0.14232427,0.050029516,0.05717659,0.0,0.1423242688179016
1882,6,6,0.2273384,0.08884388,0.10153586,0.0,0.22733840346336365
1883,6,6,0.19816558,0.074943066,0.08564919,0.0,0.19816558063030243
1884,6,3,0.48511422,0.42273736,0.09824777,0.6735411286354065,0.6735411286354065
1885,6,3,0.28519386,0.11812776,0.13500315,0.0,0.28519386053085327
1886,6,6,0.4925696,0.51409906,0.093890965,0.8638889193534851,0.8638889193534851
1887,6,6,0.21704875,0.08387363,0.09585559,0.0,0.2170487493276596
1888,6,6,0.37564993,0.19953775,0.10891855,0.20846808515489101,0.37564992904663086
1889,6,6,0.22457686,0.08750284,0.10000324,0.0,0.22457686066627502
1890,6,6,0.23240745,0.091319084,0.10436463,0.0,0.23240745067596436
1891,6,6,0.20205952,0.076764286,0.08773059,0.0,0.2020595222711563
1892,6,6,0.1725796,0.063244104,0.07227898,0.0,0.1725796014070511
1893,6,6,0.1641548,0.05949557,0.06799495,0.0,0.1641547977924347
1894,6,6,0.22428475,0.087361276,0.099841475,0.0,0.22428475320339203
1895,6,6,0.1673352,0.060904503,0.06960517,0.0,0.16733519732952118
1896,6,6,0.1523489,0.05433142,0.06209308,0.0,0.15234890580177307
1897,6,6,0.21376833,0.08230442,0.09406221,0.0,0.21376833319664001
1898,6,6,0.20352568,0.07745278,0.08851743,0.0,0.20352567732334137
1899,6,6,0.2393728,0.094748795,0.108284295,0.0,0.23937280476093292
1900,6,6,0.2642781,0.10728079,0.122606635,0.0,0.2642781138420105
1901,6,6,0.15575486,0.05581051,0.06378347,0.0,0.15575486421585083
1902,6,6,0.2074774,0.07931596,0.0906468,0.0,0.207477405667305
1903,6,6,0.20187424,0.07667738,0.087631285,0.0,0.201874241232872
1904,6,6,0.16885309,0.061579585,0.070376694,0.0,0.16885308921337128
1905,6,6,0.18334253,0.0681082,0.077837944,0.0,0.18334253132343292
1906,6,6,0.14757496,0.052273095,0.059740663,0.0,0.14757496118545532
1907,6,6,0.19338953,0.072723806,0.083112955,0.0,0.19338953495025635
1908,6,6,0.18847547,0.07045728,0.0805226,0.0,0.18847547471523285
1909,6,6,0.20033537,0.07595658,0.08680749,0.0,0.20033536851406097
1910,6,6,0.19107768,0.07165539,0.081891835,0.0,0.19107767939567566
1911,6,6,0.29899013,0.1254431,0.14336354,0.0,0.2989901304244995
1912,6,6,0.24877617,0.09943128,0.11363572,0.0,0.2487761676311493
1913,6,6,0.5439942,0.41418588,0.15437186,0.5582209229469299,0.5582209229469299
1914,6,6,0.47360304,0.27216536,0.15847713,0.26699573174118996,0.4736030399799347
1915,6,6,0.20772517,0.07943314,0.090780735,0.0,0.2077251672744751
1916,6,6,0.16922837,0.061746776,0.07056773,0.0,0.16922837495803833
1917,6,6,0.16167583,0.058402598,0.06674582,0.0,0.161675825715065
1918,6,6,0.16162124,0.058378577,0.06671834,0.0,0.16162124276161194
1919,6,6,0.16954856,0.06188947,0.070730805,0.0,0.16954855620861053
1920,6,6,0.1673907,0.06092918,0.069633305,0.0,0.16739070415496826
1921,6,6,0.13885628,0.048559368,0.055496454,0.0,0.13885627686977386
1922,6,6,0.12545305,0.0429672,0.049105406,0.0,0.12545305490493774
1923,6,6,0.13647369,0.04755485,0.05434835,0.0,0.13647368550300598
1924,6,6,0.1153777,0.038859844,0.044411242,0.0,0.11537770181894302
1925,6,6,0.13429905,0.046641886,0.05330503,0.0,0.13429905474185944
1926,6,6,0.16258349,0.058802247,0.06720257,0.0,0.16258348524570465
1927,6,6,0.14683639,0.051956236,0.059378564,0.0,0.14683638513088226
1928,6,6,0.14956288,0.053128123,0.06071782,0.0,0.14956288039684296
1929,6,6,0.14601389,0.051603854,0.058975816,0.0,0.14601388573646545
1930,6,6,0.17078516,0.06244129,0.07136148,0.0,0.17078515887260437
1931,6,6,0.32671708,0.15114278,0.11231768,0.10572969634085894,0.3267170786857605
1932,6,6,0.1824599,0.06770617,0.07737845,0.0,0.18245990574359894
1933,6,6,0.16504578,0.059889555,0.068445206,0.0,0.16504578292369843
1934,6,6,0.19066891,0.07146686,0.08167642,0.0,0.19066891074180603
1935,6,6,0.1450917,0.05120939,0.058525026,0.0,0.1450916975736618
1936,6,6,0.18712898,0.06983924,0.07981628,0.0,0.1871289759874344
1937,6,6,0.21999037,0.085287094,0.097471,0.0,0.21999037265777588
1938,6,6,0.20745385,0.079304814,0.09063405,0.0,0.20745384693145752
1939,6,6,0.1558251,0.055841148,0.063818455,0.0,0.15582509338855743
1940,6,6,0.12745611,0.043793738,0.05005002,0.0,0.12745611369609833
1941,6,6,0.11103441,0.037115514,0.042417705,0.0,0.11103440821170807
1942,6,6,0.12494823,0.04275942,0.04886788,0.0,0.12494823336601257
1943,6,6,0.12221712,0.04163885,0.047587276,0.0,0.12221711874008179
1944,6,6,0.12898317,0.044426084,0.050772667,0.0,0.12898316979408264
1945,6,6,0.13618913,0.047435164,0.054211617,0.0,0.13618913292884827
1946,6,6,0.16046773,0.05787158,0.06613892,0.0,0.160467728972435
1947,6,6,0.16225995,0.058659732,0.06703967,0.0,0.16225995123386383
1948,6,6,0.13570793,0.047232926,0.05398047,0.0,0.13570792973041534
1949,6,6,0.12872961,0.04432094,0.050652504,0.0,0.12872961163520813
1950,6,6,0.11992224,0.040702045,0.046516597,0.0,0.11992224305868149
1951,6,6,0.117035426,0.0395298,0.045176923,0.0,0.11703542619943619
1952,6,6,0.11501989,0.03871554,0.044246316,0.0,0.11501988768577576
1953,6,6,0.12001569,0.040740073,0.04656011,0.0,0.1200156882405281
1954,6,6,0.11781902,0.039847314,0.045539796,0.0,0.11781901866197586
1955,6,6,0.11662156,0.03936231,0.044985533,0.0,0.11662156134843826
1956,6,6,0.109057106,0.036326766,0.041516304,0.0,0.10905710607767105
1957,6,6,0.12774791,0.043914437,0.050187945,0.0,0.12774790823459625
1958,6,6,0.12102261,0.04115069,0.047029376,0.0,0.12102261185646057
1959,6,6,0.13735317,0.047925115,0.054771602,0.0,0.13735316693782806
1960,6,6,0.12999363,0.04484552,0.051252007,0.0,0.12999363243579865
1961,6,6,0.10312673,0.03398156,0.038836062,0.0,0.10312672704458237
1962,6,6,0.108844854,0.036242306,0.041419744,0.0,0.10884485393762589
1963,6,6,0.1225032,0.041755915,0.047721088,0.0,0.12250319868326187
1964,6,6,0.13062331,0.045107305,0.051551223,0.0,0.13062331080436707
1965,6,6,0.14844556,0.052647233,0.060168207,0.0,0.14844556152820587
1966,6,6,0.1634581,0.05918795,0.067643344,0.0,0.16345809400081635
1967,6,6,0.16209912,0.058588862,0.066958725,0.0,0.16209912300109863
1968,6,6,0.22206178,0.08628601,0.09861261,0.0,0.22206178307533264
1969,6,6,0.20124337,0.07638168,0.08729339,0.0,0.20124337077140808
1970,6,6,0.16670817,0.06062615,0.069287,0.0,0.16670817136764526
1971,6,6,0.19385272,0.07293832,0.08335811,0.0,0.1938527226448059
1972,6,6,0.15986758,0.057608187,0.06583792,0.0,0.15986758470535278
1973,6,6,0.1541215,0.055100143,0.06297159,0.0,0.1541215032339096
1974,6,6,0.1704838,0.062306702,0.0712077,0.0,0.17048379778862
1975,6,6,0.12116073,0.041207075,0.04709381,0.0,0.12116073071956635
1976,6,6,0.12403104,0.04238242,0.048437,0.0,0.12403103709220886
1977,6,6,0.10037388,0.032903492,0.037603974,0.0,0.10037387907505035
1978,6,6,0.10990587,0.036664903,0.04190278,0.0,0.10990586876869202
1979,6,6,0.123481765,0.042156935,0.048179388,0.0,0.12348176538944244
1980,6,6,0.14334743,0.050465047,0.05767435,0.0,0.14334742724895477
1981,6,6,0.20745413,0.07930493,0.09063423,0.0,0.2074541300535202
1982,6,6,0.13265277,0.045953274,0.05251801,0.0,0.13265277445316315
1983,6,6,0.1991238,0.07539022,0.08616024,0.0,0.1991237998008728
1984,6,6,0.163657,0.059275746,0.06774366,0.0,0.16365699470043182
1985,7,5,0.7146955,0.5289191,0.32021475,0.4974624663591385,0.7146955132484436
1986,7,7,0.79223114,0.6511816,0.40955275,0.585645854473114,0.7922311425209045
1987,7,7,0.4631743,0.22360593,0.23632836,0.03363714832812548,0.46317431330680847
1988,7,6,0.35892388,0.15871036,0.18138331,0.0,0.35892388224601746
1989,7,6,0.48707882,0.28411603,0.16484058,0.27976103872060776,0.48707881569862366
1990,7,6,0.26087478,0.10554367,0.12062132,0.0,0.26087477803230286
1991,7,6,0.27515125,0.11288297,0.12900913,0.0,0.27515125274658203
1992,7,6,0.26536518,0.10783732,0.123242676,0.0,0.2653651833534241
1993,7,7,0.57373923,0.42006534,0.18374848,0.5185708403587341,0.573739230632782
1994,7,7,0.32876307,0.14166552,0.16190344,0.0,0.32876306772232056
1995,7,6,0.36782393,0.16385889,0.18726736,0.0,0.36782392859458923
1996,7,6,0.57835287,0.35136735,0.23131114,0.2979402579367161,0.5783528685569763
1997,7,7,0.36252457,0.16078675,0.18375629,0.0,0.3625245690345764
1998,7,7,0.46452892,0.22443694,0.23774648,0.032817446219269186,0.4645289182662964
1999,7,7,0.3135567,0.13330549,0.15234911,0.0,0.3135567009449005
2000,7,6,0.57155716,0.44951522,0.17194688,0.5981233566999435,0.5981233566999435
2001,7,6,0.2981858,0.12501311,0.14287215,0.0,0.298185795545578
2002,7,6,0.27902424,0.11489767,0.1313116,0.0,0.27902424335479736
2003,7,6,0.25295603,0.101531744,0.116036296,0.0,0.2529560327529907
2004,7,6,0.27604344,0.11334622,0.12953854,0.0,0.27604344487190247
2005,7,6,0.31078997,0.13180119,0.15062994,0.0,0.31078997254371643
2006,7,6,0.31213176,0.1325301,0.15146297,0.0,0.31213176250457764
2007,7,6,0.34785163,0.15238112,0.17414987,0.0,0.34785163402557373
2008,7,6,0.422083,0.2030245,0.18217301,0.08724628388881683,0.4220829904079437
2009,7,6,0.5270277,0.26575446,0.29883254,0.00855192309973063,0.5270277261734009
2010,7,7,0.34938613,0.15325332,0.17514664,0.0,0.3493861258029938
2011,7,7,0.36593592,0.16276217,0.18601388,0.0,0.36593592166900635
2012,7,7,0.3650752,0.1632008,0.17007732,0.028766271541826427,0.3650752007961273
2013,7,7,0.75786734,0.45792603,0.49116647,0.05631072516553104,0.7578673362731934
2014,7,7,0.28308213,0.117019296,0.13373631,0.0,0.28308212757110596
2015,7,7,0.24371897,0.09690553,0.110749125,0.0,0.2437189668416977
2016,7,7,0.17001428,0.062097132,0.07096821,0.0,0.17001427710056305
2017,7,7,0.15475018,0.05537331,0.0632838,0.0,0.15475018322467804
2018,7,7,0.2163536,0.0835405,0.09547484,0.0,0.21635359525680542
2019,7,7,0.2372655,0.09370768,0.10709447,0.0,0.23726549744606018
2020,7,7,0.18218988,0.06758326,0.07723802,0.0,0.18218988180160522
2021,7,7,0.17936538,0.06630105,0.07577258,0.0,0.1793653815984726
2022,7,7,0.14714383,0.05208808,0.059529245,0.0,0.14714382588863373
2023,7,7,0.12803407,0.04403287,0.050323248,0.0,0.1280340701341629
2024,7,7,0.14771311,0.05233246,0.059808493,0.0,0.14771310985088348
2025,7,7,0.17742644,0.065424144,0.07477045,0.0,0.17742644250392914
2026,7,7,0.13397466,0.046506047,0.05314976,0.0,0.13397465646266937
2027,7,7,0.13517414,0.047008812,0.05372435,0.0,0.13517414033412933
2028,7,7,0.12080715,0.041062772,0.046928883,0.0,0.12080714851617813
2029,7,7,0.12862884,0.044279158,0.05060476,0.0,0.12862883508205414
2030,7,7,0.12629084,0.04331249,0.04949999,0.0,0.12629084289073944
2031,7,7,0.14268517,0.050183058,0.057352066,0.0,0.1426851749420166
2032,7,7,0.17319247,0.06351882,0.072592914,0.0,0.17319247126579285
2033,7,7,0.1008558,0.033091724,0.037819147,0.0,0.10085579752922058
2034,7,7,0.09223292,0.029755533,0.034006357,0.0,0.09223292022943497
2035,7,7,0.1027886,0.033848763,0.03868431,0.0,0.10278859734535217
2036,7,7,0.087356836,0.027899623,0.031885266,0.0,0.08735683560371399
2037,7,7,0.09273959,0.029949665,0.034228206,0.0,0.09273958951234818
2038,7,7,0.075962834,0.023652911,0.027031898,0.0,0.07596283406019211
2039,7,7,0.08384307,0.02657628,0.030372918,0.0,0.08384306728839874
2040,7,7,0.07153997,0.02203995,0.025188506,0.0,0.071539968252182
2041,7,7,0.09300756,0.030052483,0.034345686,0.0,0.09300755709409714
2042,7,7,0.09503909,0.03083378,0.035238564,0.0,0.09503909200429916
2043,7,7,0.09794407,0.031957567,0.036522985,0.0,0.09794407337903976
2044,7,7,0.10011807,0.032803655,0.03748989,0.0,0.10011807084083557
2045,7,7,0.12105372,0.041163385,0.04704386,0.0,0.12105371803045273
2046,7,7,0.11576368,0.03901559,0.04458928,0.0,0.11576367914676666
2047,7,7,0.15575068,0.055808723,0.06378138,0.0,0.15575067698955536
2048,7,7,0.14562525,0.051437557,0.058785737,0.0,0.1456252485513687
2049,7,7,0.14777377,0.05235845,0.059838235,0.0,0.14777377247810364
2050,7,7,0.17677636,0.06513077,0.074435174,0.0,0.17677636444568634
2051,7,7,0.16700353,0.06075722,0.06943685,0.0,0.16700352728366852
2052,7,7,0.13500257,0.04693681,0.053642094,0.0,0.13500256836414337
2053,7,7,0.1569005,0.056309998,0.0643543,0.0,0.15690049529075623
2054,7,7,0.15957104,0.05747813,0.065689325,0.0,0.15957103669643402
2055,7,7,0.14775223,0.05234927,0.059827745,0.0,0.14775222539901733
2056,7,7,0.14344878,0.0505082,0.0577237,0.0,0.14344878494739532
2057,7,7,0.14247721,0.050094545,0.057250917,0.0,0.14247721433639526
2058,7,7,0.13115968,0.045330584,0.05180633,0.0,0.1311596781015396
2059,7,7,0.125176,0.042853117,0.04897499,0.0,0.12517599761486053
2060,7,7,0.11912999,0.040379643,0.04614818,0.0,0.11912999302148819
2061,7,7,0.116974756,0.039505243,0.04514885,0.0,0.11697475612163544
2062,7,7,0.10974671,0.036601484,0.04183024,0.0,0.10974670946598053
2063,7,7,0.1301674,0.044917703,0.05133456,0.0,0.1301673948764801
2064,7,7,0.095073886,0.030847192,0.035253942,0.0,0.0950738862156868
2065,7,7,0.100454465,0.032934964,0.037639916,0.0,0.10045446455478668
2066,7,7,0.09486037,0.030764878,0.035159826,0.0,0.09486036747694016
2067,7,7,0.10426974,0.03443116,0.039349914,0.0,0.10426974296569824
2068,7,7,0.08635808,0.027522266,0.031453967,0.0,0.08635807782411575
2069,7,7,0.10367669,0.034197748,0.039083123,0.0,0.1036766916513443
2070,7,7,0.10985561,0.036644876,0.041879892,0.0,0.10985560715198517
2071,7,7,0.11766792,0.03978604,0.04546976,0.0,0.11766792088747025
2072,7,7,0.10767111,0.0357759,0.04088676,0.0,0.1076711118221283
2073,7,7,0.10220311,0.033619106,0.03842181,0.0,0.10220310837030411
2074,7,7,0.10393939,0.034301102,0.03920126,0.0,0.10393939167261124
2075,7,7,0.10433273,0.034455955,0.039378226,0.0,0.10433273017406464
2076,7,7,0.08899323,0.028519928,0.032594204,0.0,0.08899322897195816
2077,7,7,0.10943061,0.03647548,0.041686296,0.0,0.10943061113357544
2078,7,7,0.09728338,0.031701326,0.036230087,0.0,0.09728337824344635
2079,7,7,0.12410099,0.04241115,0.04846984,0.0,0.12410099059343338
2080,7,7,0.12785354,0.043958127,0.050237894,0.0,0.12785354256629944
2081,7,7,0.18159986,0.06731492,0.07693136,0.0,0.18159985542297363
2082,7,7,0.14397831,0.050733984,0.05798173,0.0,0.1439783126115799
2083,7,7,0.17471215,0.064201176,0.07337278,0.0,0.1747121512889862
2084,7,7,0.19436608,0.073176265,0.083630025,0.0,0.19436608254909515
2085,7,7,0.16487071,0.05981207,0.06835663,0.0,0.1648707091808319
2086,7,7,0.11161259,0.03734678,0.04268205,0.0,0.11161258816719055
2087,7,7,0.11869014,0.04020089,0.045943856,0.0,0.1186901405453682
2088,7,7,0.10529149,0.034834027,0.03981036,0.0,0.10529149323701859
2089,7,7,0.09340325,0.030204356,0.034519255,0.0,0.09340324997901917
2090,7,7,0.09123907,0.029375434,0.03357196,0.0,0.0912390723824501
2091,7,7,0.11186765,0.037448883,0.042798758,0.0,0.11186765134334564
2092,7,7,0.10136336,0.033290207,0.038045943,0.0,0.10136336088180542
2093,7,7,0.11463983,0.038562357,0.044071257,0.0,0.11463983356952667
2094,7,7,0.10786587,0.035853207,0.040975094,0.0,0.10786586999893188
2095,7,7,0.11134538,0.03723985,0.042559862,0.0,0.11134538054466248
2096,7,7,0.114770934,0.038615167,0.044131637,0.0,0.11477093398571014
2097,7,7,0.12346613,0.042150557,0.048172057,0.0,0.1234661266207695
2098,7,7,0.109879024,0.036654234,0.04189056,0.0,0.1098790243268013
2099,7,7,0.11525437,0.038810074,0.04435438,0.0,0.11525437235832214
2100,7,7,0.11883619,0.040260196,0.046011686,0.0,0.1188361868262291
2101,7,7,0.13434851,0.04666263,0.053328693,0.0,0.13434851169586182
2102,7,7,0.12968108,0.044715703,0.05110365,0.0,0.1296810805797577
2103,7,7,0.13532272,0.04707116,0.053795636,0.0,0.1353227198123932
2104,7,7,0.14908665,0.052923024,0.060483456,0.0,0.14908665418624878
2105,7,7,0.1505574,0.05355698,0.06120801,0.0,0.15055739879608154
2106,7,7,0.14440893,0.050917745,0.058191717,0.0,0.1444089263677597
2107,7,7,0.16015953,0.057736278,0.06598431,0.0,0.16015952825546265
2108,7,7,0.18554732,0.06911492,0.07898849,0.0,0.18554732203483582
2109,7,7,0.122477055,0.041745245,0.04770887,0.0,0.12247705459594727
2110,7,7,0.14808331,0.052491486,0.059990287,0.0,0.14808331429958344
2111,7,7,0.12202275,0.04155934,0.04749638,0.0,0.12202274799346924
2112,7,7,0.12028147,0.040848374,0.046683848,0.0,0.12028147280216217
2113,7,7,0.10240075,0.03369659,0.038510382,0.0,0.1024007499217987
2114,7,7,0.11227662,0.037612736,0.042986035,0.0,0.11227662116289139
2115,7,7,0.11386195,0.038249254,0.04371345,0.0,0.11386194825172424
2116,7,7,0.10318046,0.03400266,0.0388602,0.0,0.10318046063184738
2117,7,7,0.11627764,0.039223254,0.044826567,0.0,0.11627764254808426
2118,7,7,0.1398206,0.048967242,0.055962563,0.0,0.13982060551643372
2119,7,7,0.12010429,0.040776193,0.046601355,0.0,0.12010429054498672
2120,7,7,0.10338273,0.034082174,0.03895104,0.0,0.10338272899389267
2121,7,7,0.11999189,0.040730417,0.046549022,0.0,0.11999189108610153
2122,7,7,0.1158852,0.039064705,0.04464537,0.0,0.11588519811630249
2123,7,7,0.1336658,0.046376765,0.053002,0.0,0.1336658000946045
2124,7,7,0.10223159,0.033630252,0.038434565,0.0,0.10223159193992615
2125,7,7,0.112429656,0.03767413,0.04305613,0.0,0.1124296560883522
2126,7,7,0.11733125,0.039649606,0.045313835,0.0,0.11733125150203705
2127,7,7,0.11937098,0.040477633,0.046260178,0.0,0.11937098205089569
2128,7,7,0.15518767,0.05556363,0.06350124,0.0,0.1551876664161682
2129,7,7,0.12772326,0.043904245,0.050176263,0.0,0.12772326171398163
2130,7,7,0.11932392,0.0404585,0.046238303,0.0,0.11932391673326492
2131,7,7,0.12528437,0.04289776,0.049026012,0.0,0.1252843737602234
2132,7,7,0.13725522,0.04788387,0.054724395,0.0,0.1372552216053009
2133,7,7,0.12660891,0.04344374,0.049650013,0.0,0.12660890817642212
2134,7,7,0.115154475,0.03876978,0.044308305,0.0,0.11515447497367859
2135,7,7,0.1371257,0.04782927,0.05466205,0.0,0.13712570071220398
2136,7,7,0.11413956,0.038360953,0.043841064,0.0,0.11413955688476562
2137,7,7,0.11934664,0.04046774,0.046248853,0.0,0.11934664100408554
2138,7,7,0.105531335,0.03492874,0.0399186,0.0,0.10553133487701416
2139,7,7,0.11492424,0.038676977,0.04420221,0.0,0.11492423713207245
2140,7,7,0.13912591,0.04867333,0.05562669,0.0,0.13912591338157654
2141,7,7,0.13204102,0.045697927,0.052226186,0.0,0.13204102218151093
2142,7,7,0.1921584,0.07215434,0.08246213,0.0,0.19215840101242065
2143,7,7,0.14625774,0.05170828,0.059095263,0.0,0.14625774323940277
2144,7,7,0.14014563,0.04910487,0.05611986,0.0,0.14014562964439392
2145,7,7,0.16264309,0.058828533,0.06723255,0.0,0.16264308989048004
2146,7,7,0.17097707,0.06252706,0.07145947,0.0,0.17097707092761993
2147,7,7,0.18981688,0.07107431,0.08122778,0.0,0.18981687724590302
2148,7,7,0.12730147,0.04372984,0.049976945,0.0,0.12730146944522858
2149,7,7,0.122451946,0.041734934,0.047697127,0.0,0.12245194613933563
2150,7,7,0.13973229,0.04892987,0.055919826,0.0,0.13973228633403778
2151,7,7,0.105896614,0.0350731,0.040083528,0.0,0.10589661449193954
2152,7,7,0.12563846,0.043043554,0.049192667,0.0,0.1256384551525116
2153,7,7,0.11258818,0.037737668,0.04312879,0.0,0.11258818209171295
2154,7,7,0.10736765,0.0356555,0.040749192,0.0,0.10736764967441559
2155,7,7,0.0906522,0.02915144,0.033315897,0.0,0.09065219759941101
2156,7,7,0.08923105,0.02861029,0.0326975,0.0,0.08923105150461197
2157,7,7,0.10115676,0.033209383,0.037953556,0.0,0.10115675628185272
2158,7,7,0.102934465,0.033906043,0.038749754,0.0,0.10293446481227875
2159,7,7,0.10871787,0.03619176,0.041362047,0.0,0.10871787369251251
2160,7,7,0.12878053,0.04434204,0.050676644,0.0,0.1287805289030075
2161,7,7,0.11813878,0.039977014,0.045688033,0.0,0.11813878268003464
2162,7,7,0.09685409,0.03153503,0.036040008,0.0,0.09685409069061279
2163,7,7,0.110239215,0.03679788,0.042054772,0.0,0.11023921519517899
2164,7,7,0.13072863,0.045151114,0.05160129,0.0,0.13072863221168518
2165,7,7,0.117812425,0.039844632,0.045536697,0.0,0.11781242489814758
2166,7,7,0.11975868,0.040635407,0.046440482,0.0,0.11975868046283722
2167,7,7,0.11865507,0.040186644,0.045927584,0.0,0.11865507066249847
2168,7,7,0.11079822,0.0370211,0.04230988,0.0,0.11079821735620499
2169,7,7,0.109286964,0.03641826,0.04162091,0.0,0.10928696393966675
2170,7,7,0.11315486,0.03796512,0.043388665,0.0,0.11315485835075378
2171,7,7,0.12803125,0.04403168,0.050321937,0.0,0.12803125381469727
2172,7,7,0.13136461,0.045415938,0.051903903,0.0,0.1313646137714386
2173,7,7,0.12955338,0.044662654,0.051043034,0.0,0.12955337762832642
2174,7,7,0.13123205,0.045360684,0.051840782,0.0,0.13123205304145813
2175,7,7,0.11548602,0.038903534,0.04446119,0.0,0.1154860183596611
2176,7,7,0.11054499,0.03691995,0.042194247,0.0,0.11054498702287674
2177,7,7,0.13448204,0.046718538,0.05339265,0.0,0.13448204100131989
2178,7,7,0.1423188,0.05002719,0.057173908,0.0,0.14231880009174347
2179,7,7,0.1374363,0.047960162,0.054811597,0.0,0.13743630051612854
2180,7,7,0.15403025,0.055060506,0.06292629,0.0,0.15403024852275848
2181,7,7,0.14664353,0.051873565,0.05928409,0.0,0.1466435343027115
2182,7,7,0.1674047,0.060935378,0.06964046,0.0,0.16740469634532928
2183,7,7,0.16348015,0.059197664,0.06765449,0.0,0.16348014771938324
2184,7,7,0.19010827,0.07120848,0.08138114,0.0,0.1901082694530487
2185,7,7,0.14431007,0.050875545,0.058143497,0.0,0.14431007206439972
2186,7,7,0.13624227,0.047457516,0.054237127,0.0,0.13624227046966553
2187,7,7,0.11813528,0.039975584,0.045686424,0.0,0.11813528090715408
2188,7,7,0.1101454,0.03676045,0.042011976,0.0,0.11014539748430252
2189,7,7,0.11767028,0.039786994,0.045470834,0.0,0.11767028272151947
2190,7,7,0.11839883,0.040082574,0.045808613,0.0,0.11839883029460907
2191,7,7,0.09313037,0.03009957,0.03439951,0.0,0.09313037246465683
2192,7,7,0.100301646,0.0328753,0.03757173,0.0,0.10030164569616318
2193,7,7,0.11117793,0.037172914,0.04248333,0.0,0.11117792874574661
2194,7,7,0.11756641,0.039744914,0.045422733,0.0,0.11756640672683716
2195,7,7,0.13196616,0.045666695,0.052190483,0.0,0.13196615874767303
2196,7,7,0.1474566,0.05222231,0.059682667,0.0,0.1474566012620926
2197,7,7,0.14308354,0.050352633,0.0575459,0.0,0.14308354258537292
2198,7,7,0.13876635,0.0485214,0.055453002,0.0,0.138766348361969
2199,7,7,0.11939464,0.04048729,0.046271145,0.0,0.11939463764429092
2200,7,7,0.117110625,0.03956026,0.045211732,0.0,0.11711062490940094
2201,7,7,0.13475469,0.04683286,0.053523242,0.0,0.13475468754768372
2202,7,7,0.14651732,0.051819503,0.05922222,0.0,0.1465173214673996
2203,7,7,0.17364888,0.063723564,0.07282692,0.0,0.1736488789319992
2204,7,7,0.12617633,0.043265283,0.049446046,0.0,0.12617632746696472
2205,7,7,0.13372278,0.046400607,0.05302924,0.0,0.13372278213500977
2206,7,7,0.14426166,0.05085486,0.058119833,0.0,0.1442616581916809
2207,7,7,0.13430604,0.046644807,0.053308368,0.0,0.13430604338645935
2208,7,7,0.12863539,0.0442819,0.05060786,0.0,0.12863539159297943
2209,7,7,0.13775289,0.048093617,0.054964125,0.0,0.13775289058685303
2210,7,7,0.106274314,0.03522247,0.040254235,0.0,0.10627431422472
2211,7,7,0.10702721,0.035520554,0.040594935,0.0,0.10702721029520035
2212,7,7,0.10553427,0.03492993,0.039919913,0.0,0.10553427040576935
2213,7,7,0.10317165,0.033999205,0.03885621,0.0,0.10317164659500122
2214,7,7,0.116985045,0.039509416,0.045153618,0.0,0.11698504537343979
2215,7,7,0.11378603,0.038218737,0.043678522,0.0,0.11378602683544159
2216,7,7,0.11106017,0.037125826,0.042429507,0.0,0.11106017231941223
2217,7,7,0.12313065,0.04201299,0.04801482,0.0,0.12313064932823181
2218,7,7,0.13544735,0.04712349,0.05385542,0.0,0.13544735312461853
2219,7,7,0.118299,0.040042043,0.0457623,0.0,0.11829899996519089
2220,7,7,0.123533875,0.042178333,0.048203826,0.0,0.12353387475013733
2221,7,7,0.10214957,0.033598125,0.03839785,0.0,0.10214956849813461
2222,7,7,0.0969602,0.031576097,0.036086977,0.0,0.09696020185947418
2223,7,7,0.09027249,0.02900666,0.033150494,0.0,0.09027249366044998
2224,7,7,0.08770196,0.028030217,0.032034516,0.0,0.0877019613981247
2225,7,7,0.07730397,0.02414602,0.02759546,0.0,0.07730396836996078
2226,7,7,0.07781655,0.024334967,0.027811408,0.0,0.07781655341386795
2227,7,7,0.07405954,0.022956312,0.02623576,0.0,0.07405953854322433
2228,7,7,0.08176479,0.025799274,0.029484868,0.0,0.08176478743553162
2229,7,7,0.085286126,0.027118266,0.03099233,0.0,0.08528612554073334
2230,7,7,0.090071976,0.028930247,0.033063173,0.0,0.09007197618484497
2231,7,7,0.10417353,0.03439325,0.03930658,0.0,0.10417353361845016
2232,7,7,0.0884751,0.028323233,0.032369435,0.0,0.08847510069608688
2233,7,7,0.08683152,0.02770102,0.03165829,0.0,0.08683151751756668
2234,7,7,0.097756326,0.03188473,0.036439657,0.0,0.09775632619857788
2235,7,7,0.10197019,0.03352779,0.0383175,0.0,0.10197018831968307
2236,7,7,0.096777216,0.031505227,0.036006033,0.0,0.09677721560001373
2237,7,7,0.0864572,0.027559638,0.031496763,0.0,0.08645720034837723
2238,7,7,0.08545131,0.027180493,0.031063378,0.0,0.08545131236314774
2239,7,7,0.0866886,0.027647018,0.0315966,0.0,0.08668860048055649
2240,7,7,0.09903804,0.032382786,0.03700894,0.0,0.09903804212808609
2241,7,7,0.107846454,0.035845518,0.040966272,0.0,0.1078464537858963
2242,7,7,0.118553616,0.040145397,0.045880497,0.0,0.11855361610651016
2243,7,7,0.12542509,0.042955697,0.049092233,0.0,0.1254250854253769
2244,7,7,0.12754779,0.043831646,0.050093293,0.0,0.12754778563976288
2245,7,7,0.12555875,0.04301071,0.049155116,0.0,0.1255587488412857
2246,7,7,0.12270961,0.041840434,0.047817647,0.0,0.12270960956811905
2247,7,7,0.14404954,0.050764382,0.05801642,0.0,0.1440495401620865
2248,7,7,0.13709396,0.04781592,0.05464679,0.0,0.13709396123886108
2249,7,7,0.12473238,0.042670608,0.048766434,0.0,0.12473238259553909
2250,7,7,0.129365,0.044584453,0.050953686,0.0,0.1293649971485138
2251,7,7,0.14380379,0.050659537,0.057896614,0.0,0.14380379021167755
2252,7,7,0.14813164,0.05251223,0.06001401,0.0,0.14813163876533508
2253,7,7,0.19408059,0.07304394,0.08347875,0.0,0.19408059120178223
2254,7,7,0.16039936,0.05784154,0.06610465,0.0,0.16039936244487762
2255,7,7,0.30654952,0.12950557,0.14800632,0.0,0.3065495193004608
2256,7,7,0.17842029,0.065873265,0.075283766,0.0,0.178420290350914
2257,7,7,0.2189897,0.08480561,0.09692067,0.0,0.21898970007896423
2258,7,7,0.17636625,0.06494582,0.07422382,0.0,0.17636625468730927
2259,7,7,0.22018687,0.08538175,0.09757912,0.0,0.22018687427043915
2260,7,7,0.44298783,0.2095629,0.23950046,0.0,0.4429878294467926
2261,7,7,0.32644022,0.14037836,0.1604324,0.0,0.3264402151107788
2262,7,7,0.3598096,0.15922028,0.18196607,0.0,0.35980960726737976
2263,7,7,0.28183627,0.116366744,0.13299054,0.0,0.28183627128601074
2264,7,7,0.29074967,0.121058345,0.1383524,0.0,0.2907496690750122
2265,7,7,0.5803424,0.46602225,0.17683065,0.6225909441709518,0.6225909441709518
2266,7,7,0.4004381,0.18319583,0.20936668,0.0,0.4004381000995636
2267,7,7,0.5343933,0.31277746,0.2033242,0.26973749324679375,0.534393310546875
2268,7,6,0.54906756,0.28136683,0.32156205,0.0,0.5490675568580627
2269,7,7,0.589497,0.33435982,0.27150303,0.19358931481838226,0.5894970297813416
2270,7,6,0.52872175,0.26687682,0.3050021,0.0,0.5287217497825623
2271,7,6,0.27512872,0.11287135,0.12899578,0.0,0.27512872219085693
2272,7,6,0.37330174,0.16705489,0.19091988,0.0,0.37330174446105957
2273,7,6,0.5218144,0.31137192,0.18653208,0.2963126599788666,0.5218144059181213
2274,7,6,0.3670221,0.16339284,0.18673462,0.0,0.3670220971107483
2275,7,6,0.4851023,0.2863016,0.16014808,0.2923440635204315,0.4851022958755493
2276,7,6,0.45558658,0.26022154,0.14649731,0.26407285779714584,0.45558658242225647
2277,7,7,0.55625004,0.48886275,0.14933872,0.7163827419281006,0.7163827419281006
2278,7,6,0.6155627,0.39344907,0.2510774,0.34751269221305847,0.6155626773834229
2279,7,7,0.69301236,0.5661924,0.2840922,0.6352234184741974,0.6930123567581177
2280,7,5,0.34735277,0.15209794,0.17382622,0.0,0.3473527729511261
2281,7,5,0.6631608,0.49621713,0.26240206,0.5332306176424026,0.6631608009338379
2282,7,5,0.5933288,0.4025048,0.21491885,0.42890162020921707,0.5933287739753723
2283,7,7,0.43066767,0.20179272,0.23062027,0.0,0.4306676685810089
2284,7,7,0.41961312,0.19491565,0.22276074,0.0,0.4196131229400635
2285,7,5,0.5068561,0.25169903,0.287656,0.0,0.5068560838699341
2286,7,7,0.6759526,0.3808605,0.43526918,0.0,0.6759526133537292
2287,7,5,0.7471963,0.54107714,0.36385602,0.4454061836004257,0.7471963167190552
2288,7,5,0.74723655,0.44537848,0.509004,0.0,0.7472365498542786
2289,7,7,0.5076219,0.25222385,0.28825587,0.0,0.5076218843460083
2290,7,7,0.31816712,0.13582373,0.15522712,0.0,0.318167120218277
2291,7,7,0.31647715,0.13489896,0.15417027,0.0,0.3164771497249603
2292,7,7,0.34610146,0.15192735,0.1616081,0.02104041271377355,0.34610146284103394
2293,7,7,0.34336448,0.15241581,0.1465205,0.048420750885270536,0.3433644771575928
2294,7,7,0.4483954,0.26079988,0.13673127,0.2823200076818466,0.44839540123939514
2295,7,7,0.51848364,0.33069777,0.16680574,0.3694855272769928,0.5184836387634277
2296,7,7,0.50854164,0.29782724,0.1809771,0.2789445035159588,0.5085416436195374
2297,7,7,0.48199457,0.28486782,0.15740615,0.29427487775683403,0.4819945693016052
2298,7,7,0.45446742,0.24696213,0.15997928,0.21396050788462162,0.45446741580963135
2299,7,6,0.714669,0.48348063,0.34176314,0.36887574195861816,0.7146689891815186
2300,7,7,0.58789897,0.5116323,0.1764661,0.7144489884376526,0.7144489884376526
2301,7,5,0.78088355,0.49034053,0.4832759,0.13494824059307575,0.7808835506439209
2302,7,7,0.36167303,0.16029489,0.18319416,0.0,0.3616730272769928
2303,7,5,0.4700079,0.22700202,0.2594309,0.0,0.47000789642333984
2304,7,7,0.5513634,0.28817546,0.28220135,0.08249852526932955,0.5513634085655212
2305,7,5,0.59402955,0.44007933,0.19901359,0.5318849682807922,0.5940295457839966
2306,7,5,0.43818206,0.22079325,0.17407346,0.13695800118148327,0.4381820559501648
2307,7,7,0.4589967,0.22079974,0.23410475,0.03191613667877391,0.4589967131614685
2308,7,5,0.5489721,0.54076654,0.13893545,0.8383960127830505,0.8383960127830505
2309,7,5,0.31319767,0.13310999,0.15212572,0.0,0.31319767236709595
2310,7,5,0.4269562,0.20768023,0.18070745,0.09912241529673338,0.4269562065601349
